2008 263 10:55  30.57 217.13      6.56
2008 263 10:56  30.38 216.79      6.59
2008 263 10:57  30.19 216.45      6.61
2008 263 10:58  30.01 216.11      6.64
2008 263 10:59  29.82 215.78      6.66
2008 263 11:00  29.63 215.44      6.69
2008 263 11:01  29.45 215.11      6.71
2008 263 11:02  29.27 214.78      6.74
2008 263 11:03  29.08 214.45      6.77
2008 263 11:04  28.90 214.11      6.79
2008 263 11:05  28.73 213.78      6.82
2008 263 11:06  28.55 213.46      6.84
2008 263 11:07  28.37 213.13      6.87
2008 263 11:08  28.20 212.80      6.89
2008 263 11:09  28.02 212.47      6.92
2008 263 11:10  27.85 212.15      6.94
2008 263 11:11  27.68 211.82      6.97
2008 263 11:12  27.51 211.50      6.99
2008 263 11:13  27.34 211.17      7.02
2008 263 11:14  27.17 210.85      7.04
2008 263 11:15  27.00 210.53      7.07