2008 263 10:55  27.53 203.49      7.31
2008 263 10:56  27.37 203.20      7.34
2008 263 10:57  27.21 202.90      7.36
2008 263 10:58  27.05 202.61      7.39
2008 263 10:59  26.89 202.32      7.41
2008 263 11:00  26.74 202.03      7.43
2008 263 11:01  26.58 201.74      7.46
2008 263 11:02  26.43 201.45      7.48
2008 263 11:03  26.27 201.15      7.51
2008 263 11:04  26.12 200.86      7.53
2008 263 11:05  25.97 200.57      7.56
2008 263 11:06  25.82 200.29      7.58
2008 263 11:07  25.67 200.00      7.60
2008 263 11:08  25.52 199.71      7.63
2008 263 11:09  25.37 199.42      7.65
2008 263 11:10  25.23 199.13      7.68
2008 263 11:11  25.08 198.84      7.70
2008 263 11:12  24.94 198.56      7.72
2008 263 11:13  24.79 198.27      7.75
2008 263 11:14  24.65 197.98      7.77
2008 263 11:15  24.51 197.69      7.79