2008 263 10:55  34.90 214.18      5.53
2008 263 10:56  34.64 213.81      5.56
2008 263 10:57  34.38 213.45      5.59
2008 263 10:58  34.12 213.09      5.62
2008 263 10:59  33.86 212.73      5.65
2008 263 11:00  33.60 212.37      5.67
2008 263 11:01  33.35 212.02      5.70
2008 263 11:02  33.10 211.66      5.73
2008 263 11:03  32.85 211.31      5.76
2008 263 11:04  32.61 210.96      5.78
2008 263 11:05  32.36 210.61      5.81
2008 263 11:06  32.12 210.26      5.84
2008 263 11:07  31.88 209.91      5.87
2008 263 11:08  31.64 209.57      5.89
2008 263 11:09  31.41 209.23      5.92
2008 263 11:10  31.18 208.88      5.95
2008 263 11:11  30.95 208.54      5.98
2008 263 11:12  30.72 208.20      6.00
2008 263 11:13  30.49 207.86      6.03
2008 263 11:14  30.27 207.53      6.06
2008 263 11:15  30.04 207.19      6.09