2008 263 10:55  49.70 222.29      4.28
2008 263 10:56  49.27 221.74      4.31
2008 263 10:57  48.85 221.19      4.34
2008 263 10:58  48.43 220.66      4.37
2008 263 10:59  48.02 220.13      4.40
2008 263 11:00  47.61 219.61      4.42
2008 263 11:01  47.21 219.10      4.45
2008 263 11:02  46.81 218.59      4.48
2008 263 11:03  46.42 218.09      4.51
2008 263 11:04  46.03 217.60      4.54
2008 263 11:05  45.65 217.12      4.57
2008 263 11:06  45.27 216.64      4.60
2008 263 11:07  44.89 216.17      4.63
2008 263 11:08  44.52 215.70      4.66
2008 263 11:09  44.15 215.24      4.69
2008 263 11:10  43.79 214.78      4.72
2008 263 11:11  43.43 214.33      4.75
2008 263 11:12  43.08 213.88      4.78
2008 263 11:13  42.73 213.44      4.80
2008 263 11:14  42.38 213.00      4.83
2008 263 11:15  42.04 212.57      4.86