% Nighttime summer ionosphere electron density at HAARP location
% ---------------------------------------------------------------------------
% Created on 2006-06-09
% International Reference Ionosphere - IRI-2001
% http://modelweb.gsfc.nasa.gov/models/iri.html
% LOCAL TIME IS USED
% ---------------------------------------------------------------------------
% ModelWeb Browser Results
% iri model listing
% Input parameters
% year= 2000., month= 07, day= 01, hour=2.,
% latitude= 62.39, longitude= 214.85, height= 100.
% Prof. parameters: start= 60. stop= 100. step= 1.
%
% URSI maps are used for the F2 peak density (NmF2)
% CCIR maps are used for the F2 peak height (hmF2)
% B0-Table option is used for the bottomside thickness parameter B0
% Danilov- option is used for the ion composition
% The foF2 STORM model is turned on 
% IRI-95    option is used for the electron temperature
% IRI-95   option is used for the D-region Ne
% Scotto-97 no L   option is used for the F1 occurrence probability
% Peak Densities/cm-3: NmF2= 376789.4   NmF1=      0.0   NmE=  19565.4
% Peak Heights/km:     hmF2=   327.29   hmF1=     0.00   hmE=   110.00
%
% Solar Zenith Angle/degree                              91.6
% Dip (Magnetic Inclination)/degree                     75.61
% Modip (Modified Dip)/degree                           62.71
% Solar Sunspot Number (12-months running mean) Rz12    119.3
% Ionospheric-Effective Solar Index IG12                139.8
% A value of -1 indicates that the parameter is not available
% for the specified range
% TEC=-1, means you have not entered an upper boundary height in the
% OPTIONAL INPUT section.
% ---------------------------------------------------------------------------
%  H   ELECTRON DENSITY   TEMPERATURES         ION PERCENTAGES/%     1E16m-2
%  km  Ne/cm-3 Ne/NmF2 Tn/K  Ti/K  Te/K  O+  N+  H+ He+ O2+ NO+ Clust TEC t/%
  60.0      -1 -1.000    -1    -1    -1  -1  -1  -1  -1  -1  -1  -1  -1.0  -1
  61.0      -1 -1.000    -1    -1    -1  -1  -1  -1  -1  -1  -1  -1  -1.0  -1
  62.0      -1 -1.000    -1    -1    -1  -1  -1  -1  -1  -1  -1  -1  -1.0  -1
  63.0      -1 -1.000    -1    -1    -1  -1  -1  -1  -1  -1  -1  -1  -1.0  -1
  64.0      -1 -1.000    -1    -1    -1  -1  -1  -1  -1  -1  -1  -1  -1.0  -1
  65.0      -1 -1.000    -1    -1    -1  -1  -1  -1  -1  -1  -1  -1  -1.0  -1
  66.0      -1 -1.000    -1    -1    -1  -1  -1  -1  -1  -1  -1  -1  -1.0  -1
  67.0      -1 -1.000    -1    -1    -1  -1  -1  -1  -1  -1  -1  -1  -1.0  -1
  68.0      -1 -1.000    -1    -1    -1  -1  -1  -1  -1  -1  -1  -1  -1.0  -1
  69.0      -1 -1.000    -1    -1    -1  -1  -1  -1  -1  -1  -1  -1  -1.0  -1
  70.0      -1 -1.000    -1    -1    -1  -1  -1  -1  -1  -1  -1  -1  -1.0  -1
  71.0      -1 -1.000    -1    -1    -1  -1  -1  -1  -1  -1  -1  -1  -1.0  -1
  72.0      -1 -1.000    -1    -1    -1  -1  -1  -1  -1  -1  -1  -1  -1.0  -1
  73.0      -1 -1.000    -1    -1    -1  -1  -1  -1  -1  -1  -1  -1  -1.0  -1
  74.0      -1 -1.000    -1    -1    -1  -1  -1  -1  -1  -1  -1  -1  -1.0  -1
  75.0      -1 -1.000    -1    -1    -1   0   0   0   0   1   1  98  -1.0  -1
  76.0      -1 -1.000    -1    -1    -1   0   0   0   0   1   2  96  -1.0  -1
  77.0      -1 -1.000    -1    -1    -1   0   0   0   0   1   4  95  -1.0  -1
  78.0      -1 -1.000    -1    -1    -1   0   0   0   0   2   5  93  -1.0  -1
  79.0      -1 -1.000    -1    -1    -1   0   0   0   0   2   7  92  -1.0  -1
  80.0     257  0.001    -1    -1    -1   0   0   0   0   2   8  90  -1.0  -1
  81.0     297  0.001    -1    -1    -1   0   0   0   0   3  10  87  -1.0  -1
  82.0     331  0.001    -1    -1    -1   0   0   0   0   4  13  84  -1.0  -1
  83.0     359  0.001    -1    -1    -1   0   0   0   0   4  15  80  -1.0  -1
  84.0     382  0.001    -1    -1    -1   0   0   0   0   5  18  77  -1.0  -1
  85.0     402  0.001    -1    -1    -1   0   0   0   0   6  20  74  -1.0  -1
  86.0     427  0.001    -1    -1    -1   0   0   0   0   7  24  69  -1.0  -1
  87.0     478  0.001    -1    -1    -1   0   0   0   0   8  28  64  -1.0  -1
  88.0     594  0.002    -1    -1    -1   0   0   0   0   8  32  60  -1.0  -1
  89.0     864  0.002    -1    -1    -1   0   0   0   0   9  36  55  -1.0  -1
  90.0    1470  0.004    -1    -1    -1   0   0   0   0  10  40  50  -1.0  -1
  91.0    2384  0.006    -1    -1    -1   0   0   0   0  12  44  44  -1.0  -1
  92.0    3600  0.010    -1    -1    -1   0   0   0   0  14  48  38  -1.0  -1
  93.0    5100  0.014    -1    -1    -1   0   0   0   0  16  52  32  -1.0  -1
  94.0    6826  0.018    -1    -1    -1   0   0   0   0  18  56  26  -1.0  -1
  95.0    8688  0.023    -1    -1    -1   0   0   0   0  20  60  20  -1.0  -1
  96.0   10580  0.028    -1    -1    -1   0   0   0   0  17  67  16  -1.0  -1
  97.0   12400  0.033    -1    -1    -1   0   0   0   0  14  74  12  -1.0  -1
  98.0   14062  0.037    -1    -1    -1   0   0   0   0  11  81   8  -1.0  -1
  99.0   15505  0.041    -1    -1    -1   0   0   0   0   8  88   4  -1.0  -1
 100.0   16699  0.044    -1    -1    -1   0   0   0   0   5  95   0  -1.0  -1
 101.0   17640  0.047    -1    -1    -1   0   0   0   0   5  95   0  -1.0  -1
 102.0   18344  0.049    -1    -1    -1   0   0   0   0   5  95   0  -1.0  -1
 103.0   18843  0.050    -1    -1    -1   0   0   0   0   6  94   0  -1.0  -1
 104.0   19174  0.051    -1    -1    -1   0   0   0   0   6  94   0  -1.0  -1
 105.0   19377  0.051    -1    -1    -1   0   0   0   0   6  94   0  -1.0  -1
 106.0   19488  0.052    -1    -1    -1   0   0   0   0   6  94   0  -1.0  -1
 107.0   19541  0.052    -1    -1    -1   0   0   0   0   6  94   0  -1.0  -1
 108.0   19561  0.052    -1    -1    -1   0   0   0   0   7  93   0  -1.0  -1
 109.0   19565  0.052    -1    -1    -1   0   0   0   0   7  93   0  -1.0  -1
 110.0   19565  0.052    -1    -1    -1   0   0   0   0   7  93   0  -1.0  -1
 111.0   19424  0.052    -1    -1    -1   0   0   0   0   8  92   0  -1.0  -1
 112.0   19041  0.051    -1    -1    -1   0   0   0   0   8  92   0  -1.0  -1
 113.0   18478  0.049    -1    -1    -1   0   0   0   0   9  91   0  -1.0  -1
 114.0   17791  0.047    -1    -1    -1   0   0   0   0  10  90   0  -1.0  -1
 115.0   17032  0.045    -1    -1    -1   0   0   0   0  11  90   0  -1.0  -1
 116.0   16242  0.043    -1    -1    -1   0   0   0   0  11  89   0  -1.0  -1
 117.0   15454  0.041    -1    -1    -1   0   0   0   0  12  88   0  -1.0  -1
 118.0   14694  0.039    -1    -1    -1   0   0   0   0  13  87   0  -1.0  -1
 119.0   13979  0.037    -1    -1    -1   0   0   0   0  13  87   0  -1.0  -1
 120.0   13320  0.035   364   364   364   0   0   0   0  14  86   0  -1.0  -1
 121.0   12725  0.034   382   382   382   0   0   0   0  15  85   0  -1.0  -1
 122.0   12198  0.032   400   400   400   0   0   0   0  15  85   0  -1.0  -1
 123.0   11740  0.031   417   417   417   0   0   0   0  16  84   0  -1.0  -1
 124.0   11349  0.030   434   434   434   0   0   0   0  17  83   0  -1.0  -1
 125.0   11026  0.029   451   451   451   0   0   0   0  18  83   0  -1.0  -1
 126.0   10766  0.029   467   467   467   0   0   0   0  18  82   0  -1.0  -1
 127.0   10568  0.028   483   483   483   0   0   0   0  19  81   0  -1.0  -1
 128.0   10429  0.028   498   498   498   0   0   0   0  20  80   0  -1.0  -1
 129.0   10346  0.027   513   513   513   0   0   0   0  20  80   0  -1.0  -1
 130.0   10316  0.027   528   528   528   0   0   0   0  21  79   0  -1.0  -1
 131.0   10336  0.027   542   542   542   0   0   0   0  22  78   0  -1.0  -1
 132.0   10405  0.028   556   556   556   0   0   0   0  22  78   0  -1.0  -1
 133.0   10520  0.028   569   569   569   0   0   0   0  23  77   0  -1.0  -1
 134.0   10678  0.028   583   583   583   0   0   0   0  24  76   0  -1.0  -1
 135.0   10877  0.029   595   595   595   0   0   0   0  25  76   0  -1.0  -1
 136.0   11115  0.029   608   608   608   0   0   0   0  25  75   0  -1.0  -1
 137.0   11389  0.030   620   620   620   0   0   0   0  26  74   0  -1.0  -1
 138.0   11695  0.031   632   632   632   0   0   0   0  27  73   0  -1.0  -1
 139.0   12032  0.032   644   644   644   0   0   0   0  27  73   0  -1.0  -1
 140.0   12396  0.033   655   655   655   0   0   0   0  28  72   0  -1.0  -1
 141.0   12784  0.034   666   666   666   0   0   0   0  28  72   0  -1.0  -1
 142.0   13192  0.035   677   677   677   0   0   0   0  28  71   0  -1.0  -1
 143.0   13616  0.036   688   688   688   1   0   0   0  28  71   0  -1.0  -1
 144.0   14055  0.037   698   698   700   1   0   0   0  28  71   0  -1.0  -1
 145.0   14505  0.038   708   708   714   1   0   0   0  29  71   0  -1.0  -1
 146.0   14965  0.040   718   718   727   1   0   0   0  29  70   0  -1.0  -1
 147.0   15432  0.041   727   727   741   1   0   0   0  29  70   0  -1.0  -1
 148.0   15908  0.042   736   736   755   2   0   0   0  29  70   0  -1.0  -1
 149.0   16394  0.044   745   745   769   2   0   0   0  29  69   0  -1.0  -1
 150.0   16895  0.045   754   754   783   2   0   0   0  29  69   0  -1.0  -1
 151.0   17416  0.046   763   763   797   2   0   0   0  29  69   0  -1.0  -1
 152.0   17968  0.048   771   771   811   2   0   0   0  29  68   0  -1.0  -1
 153.0   18563  0.049   780   780   825   3   0   0   0  29  68   0  -1.0  -1
 154.0   19219  0.051   787   787   839   3   0   0   0  29  68   0  -1.0  -1
 155.0   19773  0.052   795   795   853   3   0   0   0  30  68   0  -1.0  -1
 156.0   20182  0.054   803   803   866   3   0   0   0  30  67   0  -1.0  -1
 157.0   20602  0.055   810   810   880   3   0   0   0  30  67   0  -1.0  -1
 158.0   21031  0.056   818   818   894   4   0   0   0  30  67   0  -1.0  -1
 159.0   21472  0.057   825   825   908   4   0   0   0  30  66   0  -1.0  -1
 160.0   21924  0.058   831   831   921   4   0   0   0  30  66   0  -1.0  -1
 161.0   22387  0.059   838   838   935   4   0   0   0  30  66   0  -1.0  -1
 162.0   22861  0.061   845   845   948   4   0   0   0  30  65   0  -1.0  -1
 163.0   23348  0.062   851   851   961   5   0   0   0  30  65   0  -1.0  -1
 164.0   23847  0.063   857   857   974   5   0   0   0  30  65   0  -1.0  -1
 165.0   24359  0.065   863   863   987   5   0   0   0  31  65   0  -1.0  -1
 166.0   24885  0.066   869   869  1000   5   0   0   0  31  64   0  -1.0  -1
 167.0   25424  0.067   875   875  1012   5   0   0   0  31  64   0  -1.0  -1
 168.0   25977  0.069   881   881  1025   6   0   0   0  31  64   0  -1.0  -1
 169.0   26546  0.070   886   886  1036   6   0   0   0  31  63   0  -1.0  -1
 170.0   27129  0.072   892   892  1048   6   0   0   0  31  63   0  -1.0  -1
 171.0   27729  0.074   897   897  1059   6   0   0   0  31  63   0  -1.0  -1
 172.0   28344  0.075   902   902  1069   6   0   0   0  31  62   0  -1.0  -1
 173.0   28977  0.077   907   907  1079   7   0   0   0  31  62   0  -1.0  -1
 174.0   29627  0.079   912   912  1089   7   0   0   0  31  62   0  -1.0  -1
 175.0   30296  0.080   916   916  1097   7   0   0   0  32  62   0  -1.0  -1
 176.0   30983  0.082   921   921  1105   7   0   0   0  32  61   0  -1.0  -1
 177.0   31690  0.084   925   925  1113   7   0   0   0  32  61   0  -1.0  -1
 178.0   32418  0.086   930   930  1120   8   0   0   0  32  61   0  -1.0  -1
 179.0   33167  0.088   934   934  1126   8   0   0   0  32  60   0  -1.0  -1
 180.0   33937  0.090   938   938  1131   8   0   0   0  32  60   0  -1.0  -1
 181.0   34731  0.092   942   942  1136   8   0   0   0  32  60   0  -1.0  -1
 182.0   35549  0.094   946   946  1141   9   0   0   0  32  60   0  -1.0  -1
 183.0   36392  0.097   950   950  1144   9   0   0   0  31  60   0  -1.0  -1
 184.0   37261  0.099   954   954  1148   9   0   0   0  31  60   0  -1.0  -1
 185.0   38157  0.101   958   958  1151  10   0   0   0  31  60   0  -1.0  -1
 186.0   39081  0.104   961   961  1154  10   0   0   0  31  59   0  -1.0  -1
 187.0   40036  0.106   965   965  1156  10   0   0   0  31  59   0  -1.0  -1
 188.0   41021  0.109   968   968  1158  10   0   0   0  30  59   0  -1.0  -1
 189.0   42039  0.112   972   972  1160  11   0   0   0  30  59   0  -1.0  -1
 190.0   43091  0.114   975   975  1162  11   0   0   0  30  59   0  -1.0  -1
 191.0   44179  0.117   978   978  1163  11   0   0   0  30  59   0  -1.0  -1
 192.0   45304  0.120   981   981  1165  12   0   0   0  30  59   0  -1.0  -1
 193.0   46469  0.123   984   984  1166  12   0   0   0  29  59   0  -1.0  -1
 194.0   47676  0.127   987   987  1167  12   0   0   0  29  59   0  -1.0  -1
 195.0   48928  0.130   990   990  1169  13   0   0   0  29  59   0  -1.0  -1
 196.0   50225  0.133   993   993  1170  13   0   0   0  29  58   0  -1.0  -1
 197.0   51573  0.137   996   996  1171  13   0   0   0  29  58   0  -1.0  -1
 198.0   52972  0.141   998   998  1172  13   0   0   0  28  58   0  -1.0  -1
 199.0   54427  0.144  1001  1001  1173  14   0   0   0  28  58   0  -1.0  -1
 200.0   55941  0.148  1003  1003  1174  14   0   0   0  28  58   0  -1.0  -1
 201.0   57518  0.153  1006  1006  1175  15   0   0   0  28  57   0  -1.0  -1
 202.0   59163  0.157  1008  1008  1175  17   0   0   0  27  56   0  -1.0  -1
 203.0   60880  0.162  1011  1011  1176  18   0   0   0  27  55   0  -1.0  -1
 204.0   62674  0.166  1013  1013  1177  19   0   0   0  26  54   0  -1.0  -1
 205.0   64553  0.171  1015  1015  1178  21   0   0   0  26  54   0  -1.0  -1
 206.0   66522  0.177  1017  1017  1179  22   0   0   0  26  53   0  -1.0  -1
 207.0   68564  0.182  1020  1020  1180  23   0   0   0  25  52   0  -1.0  -1
 208.0   70649  0.188  1022  1022  1181  24   0   0   0  25  51   0  -1.0  -1
 209.0   72777  0.193  1024  1024  1181  26   0   0   0  24  50   0  -1.0  -1
 210.0   74949  0.199  1026  1026  1182  27   0   0   0  24  49   0  -1.0  -1
 211.0   77164  0.205  1028  1028  1183  28   0   0   0  24  48   0  -1.0  -1
 212.0   79424  0.211  1029  1029  1184  30   0   0   0  23  47   0  -1.0  -1
 213.0   81726  0.217  1031  1031  1185  31   0   0   0  23  46   0  -1.0  -1
 214.0   84073  0.223  1033  1033  1185  32   0   0   0  22  45   0  -1.0  -1
 215.0   86463  0.229  1035  1035  1186  34   0   0   0  22  45   0  -1.0  -1
 216.0   88896  0.236  1037  1037  1187  35   0   0   0  22  44   0  -1.0  -1
 217.0   91373  0.243  1038  1038  1188  36   0   0   0  21  43   0  -1.0  -1
 218.0   93893  0.249  1040  1040  1189  37   0   0   0  21  42   0  -1.0  -1
 219.0   96457  0.256  1042  1042  1190  39   0   0   0  20  41   0  -1.0  -1
 220.0   99063  0.263  1043  1043  1190  40   0   0   0  20  40   0  -1.0  -1
 221.0  101712  0.270  1045  1045  1191  41   0   0   0  20  40   0  -1.0  -1
 222.0  104403  0.277  1046  1046  1192  41   0   0   0  20  39   0  -1.0  -1
 223.0  107135  0.284  1048  1048  1193  42   0   0   0  19  39   0  -1.0  -1
 224.0  109910  0.292  1049  1049  1194  43   0   0   0  19  38   0  -1.0  -1
 225.0  112725  0.299  1050  1050  1194  43   0   0   0  19  38   0  -1.0  -1
 226.0  115581  0.307  1052  1052  1195  44   0   0   0  19  37   0  -1.0  -1
 227.0  118477  0.314  1053  1053  1196  45   0   0   0  19  37   0  -1.0  -1
 228.0  121413  0.322  1054  1055  1197  45   0   0   0  18  36   0  -1.0  -1
 229.0  124387  0.330  1055  1057  1198  46   0   0   0  18  36   0  -1.0  -1
 230.0  127399  0.338  1057  1059  1198  47   0   0   0  18  35   0  -1.0  -1
 231.0  130449  0.346  1058  1061  1199  47   0   0   0  18  35   0  -1.0  -1
 232.0  133536  0.354  1059  1062  1200  48   0   0   0  18  34   0  -1.0  -1
 233.0  136658  0.363  1060  1064  1201  49   0   0   0  17  34   0  -1.0  -1
 234.0  139816  0.371  1061  1066  1202  49   0   0   0  17  33   0  -1.0  -1
 235.0  143008  0.380  1062  1068  1202  50   0   0   0  17  33   0  -1.0  -1
 236.0  146232  0.388  1063  1070  1203  51   0   0   0  17  33   0  -1.0  -1
 237.0  149489  0.397  1064  1072  1204  51   0   0   0  17  32   0  -1.0  -1
 238.0  152778  0.405  1065  1073  1205  52   0   0   0  16  32   0  -1.0  -1
 239.0  156096  0.414  1066  1075  1206  53   0   0   0  16  31   0  -1.0  -1
 240.0  159443  0.423  1067  1077  1206  53   0   0   0  16  31   0  -1.0  -1
 241.0  162818  0.432  1068  1079  1207  54   0   0   0  16  30   0  -1.0  -1
 242.0  166220  0.441  1069  1081  1208  55   0   0   0  16  30   0  -1.0  -1
 243.0  169646  0.450  1070  1083  1209  55   0   0   0  15  29   0  -1.0  -1
 244.0  173097  0.459  1071  1085  1210  56   0   0   0  15  29   0  -1.0  -1
 245.0  176570  0.469  1072  1086  1211  57   0   0   0  15  28   0  -1.0  -1
 246.0  180065  0.478  1073  1088  1211  57   0   0   0  15  28   0  -1.0  -1
 247.0  183579  0.487  1073  1090  1212  58   0   0   0  15  27   0  -1.0  -1
 248.0  187112  0.497  1074  1092  1213  59   0   0   0  14  27   0  -1.0  -1
 249.0  190661  0.506  1075  1094  1214  59   0   0   0  14  26   0  -1.0  -1
 250.0  194226  0.515  1076  1096  1215  60   0   0   0  14  26   0  -1.0  -1
 251.0  197804  0.525  1076  1097  1215  61   0   0   0  14  25   0  -1.0  -1
 252.0  201394  0.534  1077  1099  1216  62   0   0   0  13  25   0  -1.0  -1
 253.0  204994  0.544  1078  1101  1217  63   0   0   0  13  24   0  -1.0  -1
 254.0  208603  0.554  1079  1103  1218  64   0   0   0  13  23   0  -1.0  -1
 255.0  212219  0.563  1079  1105  1219  65   0   0   0  12  23   0  -1.0  -1
 256.0  215840  0.573  1080  1107  1219  66   0   0   0  12  22   0  -1.0  -1
 257.0  219464  0.582  1080  1109  1220  67   0   0   0  12  21   0  -1.0  -1
 258.0  223090  0.592  1081  1110  1221  68   0   0   0  11  21   0  -1.0  -1
 259.0  226715  0.602  1082  1112  1222  69   0   0   0  11  20   0  -1.0  -1
 260.0  230338  0.611  1082  1114  1223  70   0   0   0  11  20   0  -1.0  -1
 261.0  233957  0.621  1083  1116  1223  71   0   0   0  10  19   0  -1.0  -1
 262.0  237570  0.631  1083  1118  1224  72   0   0   0  10  18   0  -1.0  -1
 263.0  241175  0.640  1084  1120  1225  73   0   0   0   9  18   0  -1.0  -1
 264.0  244770  0.650  1084  1121  1226  74   0   0   0   9  17   0  -1.0  -1
 265.0  248352  0.659  1085  1123  1227  75   0   0   0   9  16   0  -1.0  -1
 266.0  251921  0.669  1085  1125  1227  76   0   0   0   8  16   0  -1.0  -1
 267.0  255475  0.678  1086  1127  1228  77   0   0   0   8  15   0  -1.0  -1
 268.0  259010  0.687  1086  1129  1229  78   0   0   0   8  14   0  -1.0  -1
 269.0  262525  0.697  1087  1131  1230  79   0   0   0   7  14   0  -1.0  -1
 270.0  266018  0.706  1087  1133  1231  80   0   0   0   7  13   0  -1.0  -1
 271.0  269488  0.715  1088  1134  1232  81   0   0   0   7  13   0  -1.0  -1
 272.0  272931  0.724  1088  1136  1232  81   0   0   0   7  12   0  -1.0  -1
 273.0  276347  0.733  1089  1138  1233  82   0   0   0   6  12   0  -1.0  -1
 274.0  279732  0.742  1089  1140  1234  82   0   0   0   6  12   0  -1.0  -1
 275.0  283086  0.751  1090  1142  1235  83   0   0   0   6  11   0  -1.0  -1
 276.0  286406  0.760  1090  1144  1236  83   0   0   0   6  11   0  -1.0  -1
 277.0  289690  0.769  1090  1145  1236  84   0   0   0   6  11   0  -1.0  -1
 278.0  292936  0.777  1091  1147  1237  84   0   0   0   6  10   0  -1.0  -1
 279.0  296142  0.786  1091  1149  1238  85   0   0   0   5  10   0  -1.0  -1
 280.0  299307  0.794  1091  1151  1239  85   0   0   0   5  10   0  -1.0  -1
 281.0  302428  0.803  1092  1153  1240  86   0   0   0   5   9   0  -1.0  -1
 282.0  305504  0.811  1092  1155  1241  86   0   0   0   5   9   0  -1.0  -1
 283.0  308533  0.819  1092  1157  1242  87   0   0   0   5   9   0  -1.0  -1
 284.0  311512  0.827  1093  1158  1243  87   0   0   0   5   8   0  -1.0  -1
 285.0  314441  0.835  1093  1160  1244  88   0   0   0   4   8   0  -1.0  -1
 286.0  317318  0.842  1093  1162  1245  88   0   0   0   4   8   0  -1.0  -1
 287.0  320140  0.850  1094  1164  1246  89   0   0   0   4   7   0  -1.0  -1
 288.0  322906  0.857  1094  1166  1247  89   0   0   0   4   7   0  -1.0  -1
 289.0  325615  0.864  1094  1168  1248  90   0   0   0   4   7   0  -1.0  -1
 290.0  328266  0.871  1095  1169  1249  90   0   0   0   4   6   0  -1.0  -1
 291.0  330855  0.878  1095  1171  1251  91   0   0   0   3   6   0  -1.0  -1
 292.0  333383  0.885  1095  1173  1252  91   0   0   0   3   6   0  -1.0  -1
 293.0  335848  0.891  1095  1175  1254  92   0   0   0   3   5   0  -1.0  -1
 294.0  338248  0.898  1096  1177  1256  92   0   0   0   3   5   0  -1.0  -1
 295.0  340582  0.904  1096  1179  1258  93   0   0   0   3   5   0  -1.0  -1
 296.0  342849  0.910  1096  1181  1260  93   0   0   0   3   4   0  -1.0  -1
 297.0  345047  0.916  1096  1182  1262  94   0   0   0   2   4   0  -1.0  -1
 298.0  347177  0.921  1097  1184  1264  94   0   0   0   2   4   0  -1.0  -1
 299.0  349236  0.927  1097  1186  1267  95   0   0   0   2   3   0  -1.0  -1
 300.0  351223  0.932  1097  1188  1270  95   0   0   0   2   3   0  -1.0  -1
 305.0  360063  0.956  1098  1197  1287  98   2   1   0   0   0   0  -1.0  -1
 310.0  367021  0.974  1099  1206  1309  98   2   1   0   0   0   0  -1.0  -1
 315.0  372069  0.987  1100  1216  1333  98   2   1   0   0   0   0  -1.0  -1
 320.0  375242  0.996  1101  1225  1358  97   2   1   0   0   0   0  -1.0  -1
 325.0  376657  1.000  1101  1234  1383  97   2   1   0   0   0   0  -1.0  -1
 330.0  376746  1.000  1102  1243  1409  97   2   1   0   0   0   0  -1.0  -1
 335.0  376419  0.999  1102  1253  1435  97   2   1   0   0   0   0  -1.0  -1
 340.0  375777  0.997  1103  1262  1460  97   3   1   0   0   0   0  -1.0  -1
 345.0  374822  0.995  1103  1271  1486  96   3   1   0   0   0   0  -1.0  -1
 350.0  373561  0.991  1104  1280  1512  96   3   1   0   0   0   0  -1.0  -1
 355.0  372001  0.987  1104  1289  1537  96   3   1   0   0   0   0  -1.0  -1
 360.0  370148  0.982  1104  1299  1563  96   3   1   0   0   0   0  -1.0  -1
 365.0  368015  0.977  1104  1308  1588  95   3   1   0   0   0   0  -1.0  -1
 370.0  365609  0.970  1105  1317  1614  95   4   1   0   0   0   0  -1.0  -1
 375.0  362945  0.963  1105  1326  1639  95   4   1   0   0   0   0  -1.0  -1
 380.0  360033  0.956  1105  1336  1664  95   4   1   0   0   0   0  -1.0  -1
 385.0  356887  0.947  1105  1345  1688  94   4   1   0   0   0   0  -1.0  -1
 390.0  353522  0.938  1105  1354  1712  94   4   1   0   0   0   0  -1.0  -1
 395.0  349953  0.929  1105  1363  1734  94   4   2   0   0   0   0  -1.0  -1
 400.0  346193  0.919  1106  1372  1756  94   5   2   0   0   0   0  -1.0  -1
 405.0  342260  0.908  1106  1381  1777  93   5   2   0   0   0   0  -1.0  -1
 410.0  338168  0.897  1106  1390  1796  93   5   2   0   0   0   0  -1.0  -1
 415.0  333932  0.886  1106  1399  1815  93   5   2   0   0   0   0  -1.0  -1
 420.0  329570  0.875  1106  1408  1833  93   5   2   0   0   0   0  -1.0  -1
 425.0  325095  0.863  1106  1416  1850  93   5   2   0   0   0   0  -1.0  -1
 430.0  320524  0.851  1106  1424  1867  93   5   2   0   0   0   0  -1.0  -1
 435.0  315872  0.838  1106  1432  1884  92   5   2   0   0   0   0  -1.0  -1
 440.0  311152  0.826  1106  1439  1901  92   5   3   0   0   0   0  -1.0  -1
 445.0  306379  0.813  1106  1447  1918  92   5   3   0   0   0   0  -1.0  -1
 450.0  301567  0.800  1106  1454  1935  92   5   3   0   0   0   0  -1.0  -1
 455.0  296728  0.788  1106  1461  1951  92   5   3   0   0   0   0  -1.0  -1
 460.0  291875  0.775  1106  1467  1968  91   5   3   0   0   0   0  -1.0  -1
 465.0  287019  0.762  1106  1474  1985  91   5   3   0   0   0   0  -1.0  -1
 470.0  282170  0.749  1106  1481  2001  91   5   4   0   0   0   0  -1.0  -1
 475.0  277340  0.736  1106  1488  2018  91   5   4   1   0   0   0  -1.0  -1
 480.0  272538  0.723  1106  1494  2034  90   5   4   1   0   0   0  -1.0  -1
 485.0  267772  0.711  1106  1501  2051  90   5   4   1   0   0   0  -1.0  -1
 490.0  263050  0.698  1106  1507  2068  90   5   5   1   0   0   0  -1.0  -1
 495.0  258379  0.686  1106  1514  2084  89   5   5   1   0   0   0  -1.0  -1
 500.0  253767  0.673  1106  1521  2101  89   5   5   1   0   0   0  -1.0  -1
 505.0  249219  0.661  1106  1527  2117  89   5   5   1   0   0   0  -1.0  -1
 510.0  244741  0.650  1106  1534  2134  89   5   6   1   0   0   0  -1.0  -1
 515.0  240336  0.638  1106  1541  2150  88   5   6   1   0   0   0  -1.0  -1
 520.0  236009  0.626  1106  1547  2166  88   5   6   1   0   0   0  -1.0  -1
 525.0  231764  0.615  1106  1554  2183  88   5   7   1   0   0   0  -1.0  -1
 530.0  227603  0.604  1106  1561  2199  87   5   7   1   0   0   0  -1.0  -1
 535.0  223529  0.593  1106  1567  2215  87   5   7   1   0   0   0  -1.0  -1
 540.0  219544  0.583  1106  1574  2231  86   5   8   1   0   0   0  -1.0  -1
 545.0  215649  0.572  1106  1581  2247  86   5   8   1   0   0   0  -1.0  -1
 550.0  211846  0.562  1106  1587  2262  85   4   9   1   0   0   0  -1.0  -1
 555.0  208135  0.552  1106  1594  2277  85   4   9   1   0   0   0  -1.0  -1
 560.0  204517  0.543  1106  1600  2292  85   4  10   2   0   0   0  -1.0  -1
 565.0  200992  0.533  1106  1607  2306  84   4  10   2   0   0   0  -1.0  -1
 570.0  197560  0.524  1106  1614  2320  84   4  11   2   0   0   0  -1.0  -1
 575.0  194220  0.515  1106  1620  2333  83   4  11   2   0   0   0  -1.0  -1
 580.0  190971  0.507  1106  1627  2346  82   4  12   2   0   0   0  -1.0  -1
 585.0  187814  0.498  1106  1634  2357  82   4  12   2   0   0   0  -1.0  -1
 590.0  184745  0.490  1106  1640  2368  81   4  13   2   0   0   0  -1.0  -1
 595.0  181766  0.482  1106  1647  2378  80   4  13   2   0   0   0  -1.0  -1
 600.0  178874  0.475  1106  1654  2386  80   4  14   2   0   0   0  -1.0  -1
 605.0  176068  0.467  1106  1660  2394  79   4  15   2   0   0   0  -1.0  -1
 610.0  173346  0.460  1106  1667  2400  78   4  15   3   0   0   0  -1.0  -1
 615.0  170707  0.453  1106  1674  2405  78   3  16   3   0   0   0  -1.0  -1
 620.0  168149  0.446  1106  1680  2410  77   3  17   3   0   0   0  -1.0  -1
 625.0  165670  0.440  1106  1687  2414  76   3  18   3   0   0   0  -1.0  -1
 630.0  163269  0.433  1106  1693  2417  75   3  18   3   0   0   0  -1.0  -1
 635.0  160943  0.427  1106  1700  2419  74   3  19   3   0   0   0  -1.0  -1
 640.0  158691  0.421  1106  1707  2421  73   3  20   3   0   0   0  -1.0  -1
 645.0  156511  0.415  1106  1713  2422  73   3  21   4   0   0   0  -1.0  -1
 650.0  154401  0.410  1106  1720  2423  72   3  22   4   0   0   0  -1.0  -1
 655.0  152359  0.404  1106  1727  2423  71   3  23   4   0   0   0  -1.0  -1
 660.0  150383  0.399  1106  1733  2424  70   3  24   4   0   0   0  -1.0  -1
 665.0  148472  0.394  1106  1740  2424  69   3  25   4   0   0   0  -1.0  -1
 670.0  146623  0.389  1106  1747  2424  68   2  26   4   0   0   0  -1.0  -1
 675.0  144835  0.384  1106  1753  2424  67   2  26   5   0   0   0  -1.0  -1
 680.0  143106  0.380  1106  1760  2424  65   2  27   5   0   0   0  -1.0  -1
 685.0  141434  0.375  1106  1766  2423  64   2  28   5   0   0   0  -1.0  -1
 690.0  139817  0.371  1106  1773  2423  63   2  30   5   0   0   0  -1.0  -1
 695.0  138254  0.367  1106  1780  2423  62   2  31   5   0   0   0  -1.0  -1
 700.0  136744  0.363  1106  1786  2422  61   2  32   6   0   0   0  -1.0  -1
 705.0  135283  0.359  1106  1793  2422  60   2  33   6   0   0   0  -1.0  -1
 710.0  133871  0.355  1106  1800  2421  59   2  34   6   0   0   0  -1.0  -1
 715.0  132507  0.352  1106  1806  2421  57   2  35   6   0   0   0  -1.0  -1
 720.0  131188  0.348  1106  1813  2420  56   2  36   6   0   0   0  -1.0  -1
 725.0  129914  0.345  1106  1820  2420  55   2  37   6   0   0   0  -1.0  -1
 730.0  128682  0.342  1106  1826  2419  54   1  38   7   0   0   0  -1.0  -1
 735.0  127492  0.338  1106  1833  2419  53   1  39   7   0   0   0  -1.0  -1
 740.0  126342  0.335  1106  1839  2418  51   1  40   7   0   0   0  -1.0  -1
 745.0  125230  0.332  1106  1846  2418  50   1  42   7   0   0   0  -1.0  -1
 750.0  124156  0.330  1106  1853  2417  49   1  43   7   0   0   0  -1.0  -1
 755.0  123118  0.327  1106  1859  2417  48   1  44   7   0   0   0  -1.0  -1
 760.0  122114  0.324  1106  1866  2416  46   1  45   8   0   0   0  -1.0  -1
 765.0  121145  0.322  1106  1873  2416  45   1  46   8   0   0   0  -1.0  -1
 770.0  120208  0.319  1106  1879  2415  44   1  47   8   0   0   0  -1.0  -1
 775.0  119303  0.317  1106  1886  2415  43   1  48   8   0   0   0  -1.0  -1
 780.0  118428  0.314  1106  1893  2414  42   1  49   8   0   0   0  -1.0  -1
 785.0  117582  0.312  1106  1899  2413  40   1  50   8   0   0   0  -1.0  -1
 790.0  116766  0.310  1106  1906  2413  39   1  52   9   0   0   0  -1.0  -1
 795.0  115976  0.308  1106  1913  2412  38   1  53   9   0   0   0  -1.0  -1
 800.0  115213  0.306  1106  1919  2412  37   1  54   9   0   0   0  -1.0  -1
 805.0  114476  0.304  1106  1926  2411  36   1  55   9   0   0   0  -1.0  -1
 810.0  113763  0.302  1106  1932  2411  35   1  56   9   0   0   0  -1.0  -1
 815.0  113074  0.300  1106  1939  2410  34   1  57   9   0   0   0  -1.0  -1
 820.0  112409  0.298  1106  1946  2410  32   1  58   9   0   0   0  -1.0  -1
 825.0  111766  0.297  1106  1952  2409  31   0  59   9   0   0   0  -1.0  -1
 830.0  111144  0.295  1106  1959  2408  30   0  60   9   0   0   0  -1.0  -1
 835.0  110543  0.293  1106  1966  2408  29   0  61   9   0   0   0  -1.0  -1
 840.0  109962  0.292  1106  1972  2407  28   0  62   9   0   0   0  -1.0  -1
 845.0  109401  0.290  1106  1979  2407  27   0  63  10   0   0   0  -1.0  -1
 850.0  108858  0.289  1106  1986  2406  27   0  64  10   0   0   0  -1.0  -1
 855.0  108334  0.288  1106  1992  2406  26   0  64  10   0   0   0  -1.0  -1
 860.0  107827  0.286  1106  1999  2405  25   0  65  10   0   0   0  -1.0  -1
 865.0  107337  0.285  1106  2005  2405  24   0  66  10   0   0   0  -1.0  -1
 870.0  106863  0.284  1106  2012  2404  23   0  67  10   0   0   0  -1.0  -1
 875.0  106405  0.282  1106  2019  2404  22   0  68  10   0   0   0  -1.0  -1
 880.0  105962  0.281  1106  2025  2403  21   0  69  10   0   0   0  -1.0  -1
 885.0  105534  0.280  1106  2032  2402  21   0  69  10   0   0   0  -1.0  -1
 890.0  105121  0.279  1106  2039  2402  20   0  70  10   0   0   0  -1.0  -1
 895.0  104721  0.278  1106  2045  2401  19   0  71   9   0   0   0  -1.0  -1
 900.0  104334  0.277  1106  2052  2401  18   0  72   9   0   0   0  -1.0  -1
 905.0  103960  0.276  1106  2059  2400  18   0  73   9   0   0   0  -1.0  -1
 910.0  103599  0.275  1106  2065  2400  17   0  74   9   0   0   0  -1.0  -1
 915.0  103249  0.274  1106  2072  2399  17   0  74   9   0   0   0  -1.0  -1
 920.0  102911  0.273  1106  2079  2399  16   0  75   9   0   0   0  -1.0  -1
 925.0  102585  0.272  1106  2085  2398  15   0  76   9   0   0   0  -1.0  -1
 930.0  102269  0.271  1106  2092  2398  15   0  77   9   0   0   0  -1.0  -1
 935.0  101963  0.271  1106  2098  2397  14   0  77   8   0   0   0  -1.0  -1
 940.0  101668  0.270  1106  2105  2396  14   0  78   8   0   0   0  -1.0  -1
 945.0  101382  0.269  1106  2112  2396  13   0  79   8   0   0   0  -1.0  -1
 950.0  101106  0.268  1106  2118  2395  13   0  79   8   0   0   0  -1.0  -1
 955.0  100839  0.268  1106  2125  2395  12   0  80   8   0   0   0  -1.0  -1
 960.0  100581  0.267  1106  2132  2394  12   0  80   8   0   0   0  -1.0  -1
 965.0  100331  0.266  1106  2138  2394  12   0  80   8   0   0   0  -1.0  -1
 970.0  100090  0.266  1106  2145  2393  12   0  80   8   0   0   0  -1.0  -1
 975.0   99857  0.265  1106  2152  2393  11   0  81   8   0   0   0  -1.0  -1
 980.0   99631  0.264  1106  2158  2392  11   0  81   8   0   0   0  -1.0  -1
 985.0   99412  0.264  1106  2165  2391  11   0  81   8   0   0   0  -1.0  -1
 990.0   99201  0.263  1106  2171  2391  11   0  81   8   0   0   0  -1.0  -1
 995.0   98997  0.263  1106  2178  2390  10   0  81   8   0   0   0  -1.0  -1
1000.0   98799  0.262  1106  2185  2390  10   0  82   8   0   0   0  -1.0  -1
1010.0   98424  0.261  1106  2198  2389  10   0  82   8   0   0   0  -1.0  -1
1020.0   98072  0.260  1106  2211  2388   9   0  82   8   0   0   0  -1.0  -1
1030.0   97743  0.259  1106  2225  2387   9   0  83   8   0   0   0  -1.0  -1
1040.0   97436  0.259  1106  2238  2385   9   0  83   8   0   0   0  -1.0  -1
1050.0   97148  0.258  1106  2251  2384   8   0  84   8   0   0   0  -1.0  -1
1060.0   96879  0.257  1106  2264  2383   8   0  84   8   0   0   0  -1.0  -1
1070.0   96627  0.256  1106  2278  2382   7   0  84   8   0   0   0  -1.0  -1
1080.0   96392  0.256  1106  2291  2381   7   0  84   8   0   0   0  -1.0  -1
1090.0   96172  0.255  1106  2304  2380   7   0  85   8   0   0   0  -1.0  -1
1100.0   95965  0.255  1106  2317  2379   6   0  85   8   0   0   0  -1.0  -1
1110.0   95772  0.254  1106  2330  2378   6   0  85   8   0   0   0  -1.0  -1
1120.0   95592  0.254  1106  2343  2377   6   0  86   9   0   0   0  -1.0  -1
1130.0   95423  0.253  1106  2354  2376   6   0  86   9   0   0   0  -1.0  -1
1140.0   95265  0.253  1106  2363  2374   5   0  86   9   0   0   0  -1.0  -1
1150.0   95117  0.252  1106  2368  2373   5   0  86   9   0   0   0  -1.0  -1
1160.0   94979  0.252  1106  2370  2372   5   0  87   9   0   0   0  -1.0  -1
1170.0   94849  0.252  1106  2370  2371   4   0  87   9   0   0   0  -1.0  -1
1180.0   94728  0.251  1106  2370  2370   4   0  87   9   0   0   0  -1.0  -1
1190.0   94615  0.251  1106  2369  2369   4   0  87   9   0   0   0  -1.0  -1
1200.0   94509  0.251  1106  2368  2368   4   0  87   9   0   0   0  -1.0  -1
1210.0   94409  0.251  1106  2367  2367   4   0  88   9   0   0   0  -1.0  -1
1220.0   94317  0.250  1106  2366  2366   3   0  88   9   0   0   0  -1.0  -1
1230.0   94230  0.250  1106  2365  2365   3   0  88   9   0   0   0  -1.0  -1
1240.0   94149  0.250  1106  2364  2364   3   0  88   9   0   0   0  -1.0  -1
1250.0   94073  0.250  1106  2363  2363   3   0  88   9   0   0   0  -1.0  -1
1260.0   94002  0.249  1106  2361  2361   3   0  88   9   0   0   0  -1.0  -1
1270.0   93935  0.249  1106  2360  2360   3   0  89   9   0   0   0  -1.0  -1
1280.0   93872  0.249  1106  2359  2359   2   0  89   9   0   0   0  -1.0  -1
1290.0   93814  0.249  1106  2358  2358   2   0  89   9   0   0   0  -1.0  -1
1300.0   93760  0.249  1106  2357  2357   2   0  89   9   0   0   0  -1.0  -1
1310.0   93709  0.249  1106  2356  2356   2   0  89   9   0   0   0  -1.0  -1
1320.0   93661  0.249  1106  2355  2355   2   0  89   9   0   0   0  -1.0  -1
1330.0   93616  0.248  1106  2354  2354   2   0  89   9   0   0   0  -1.0  -1
1340.0   93574  0.248  1106  2354  2354   2   0  89   9   0   0   0  -1.0  -1
1350.0   93536  0.248  1106  2353  2353   2   0  90   9   0   0   0  -1.0  -1
1360.0   93498  0.248  1106  2353  2353   1   0  90   9   0   0   0  -1.0  -1
1370.0   93465  0.248  1106  2354  2354   1   0  90   9   0   0   0  -1.0  -1
1380.0   93432  0.248  1106  2355  2355   1   0  90   9   0   0   0  -1.0  -1
1390.0   93403  0.248  1106  2357  2357   1   0  90   9   0   0   0  -1.0  -1
1400.0   93374  0.248  1106  2361  2361   1   0  90   9   0   0   0  -1.0  -1
1410.0   93348  0.248  1106  2365  2365   1   0  90   9   0   0   0  -1.0  -1
1420.0   93324  0.248  1106  2371  2371   1   0  90   9   0   0   0  -1.0  -1
1430.0   93300  0.248  1106  2379  2379   1   0  90   9   0   0   0  -1.0  -1
1440.0   93279  0.248  1106  2386  2386   1   0  90   9   0   0   0  -1.0  -1
1450.0   93259  0.248  1106  2395  2395   1   0  90   9   0   0   0  -1.0  -1
1460.0   93240  0.247  1106  2404  2404   1   0  90   9   0   0   0  -1.0  -1
1470.0   93222  0.247  1106  2413  2413   1   0  90   9   0   0   0  -1.0  -1
1480.0   93206  0.247  1106  2422  2422   1   0  90   9   0   0   0  -1.0  -1
1490.0   93190  0.247  1106  2431  2431   1   0  90   9   0   0   0  -1.0  -1
1500.0   93176  0.247  1106  2440  2440   1   0  90   9   0   0   0  -1.0  -1
1510.0   93163  0.247  1106  2450  2450   1   0  90   9   0   0   0  -1.0  -1
1520.0   93150  0.247  1106  2459  2459   0   0  91   9   0   0   0  -1.0  -1
1530.0   93138  0.247  1106  2468  2468   0   0  91   9   0   0   0  -1.0  -1
1540.0   93127  0.247  1106  2478  2478   0   0  91   9   0   0   0  -1.0  -1
1550.0   93117  0.247  1106  2487  2487   0   0  91   9   0   0   0  -1.0  -1
1560.0   93107  0.247  1106  2496  2496   0   0  91   9   0   0   0  -1.0  -1
1570.0   93098  0.247  1106  2506  2506   0   0  91   9   0   0   0  -1.0  -1
1580.0   93090  0.247  1106  2515  2515   0   0  91   9   0   0   0  -1.0  -1
1590.0   93082  0.247  1106  2525  2525   0   0  91   9   0   0   0  -1.0  -1
1600.0   93074  0.247  1106  2534  2534   0   0  91   9   0   0   0  -1.0  -1
1610.0   93067  0.247  1106  2543  2543   0   0  91   9   0   0   0  -1.0  -1
1620.0   93061  0.247  1106  2553  2553   0   0  91   9   0   0   0  -1.0  -1
1630.0   93055  0.247  1106  2562  2562   0   0  91   9   0   0   0  -1.0  -1
1640.0   93049  0.247  1106  2572  2572   0   0  91   9   0   0   0  -1.0  -1
1650.0   93044  0.247  1106  2581  2581   0   0  91   9   0   0   0  -1.0  -1
1660.0   93039  0.247  1106  2590  2590   0   0  91   9   0   0   0  -1.0  -1
1670.0   93034  0.247  1106  2600  2600   0   0  91   9   0   0   0  -1.0  -1
1680.0   93030  0.247  1106  2609  2609   0   0  91   9   0   0   0  -1.0  -1
1690.0   93026  0.247  1106  2619  2619   0   0  91   9   0   0   0  -1.0  -1
1700.0   93022  0.247  1106  2628  2628   0   0  91   9   0   0   0  -1.0  -1
1710.0   93018  0.247  1106  2637  2637   0   0  91   9   0   0   0  -1.0  -1
1720.0   93015  0.247  1106  2647  2647   0   0  91   9   0   0   0  -1.0  -1
1730.0   93012  0.247  1106  2656  2656   0   0  91   9   0   0   0  -1.0  -1
1740.0   93009  0.247  1106  2666  2666   0   0  91   9   0   0   0  -1.0  -1
1750.0   93006  0.247  1106  2675  2675   0   0  91   9   0   0   0  -1.0  -1
1760.0   93004  0.247  1106  2684  2684   0   0  91   9   0   0   0  -1.0  -1
1770.0   93002  0.247  1106  2694  2694   0   0  91   9   0   0   0  -1.0  -1
1780.0   92999  0.247  1106  2703  2703   0   0  91   9   0   0   0  -1.0  -1
1790.0   92997  0.247  1106  2713  2713   0   0  91   9   0   0   0  -1.0  -1
1800.0   92995  0.247  1106  2722  2722   0   0  91   9   0   0   0  -1.0  -1
1810.0   92994  0.247  1106  2731  2731   0   0  91   9   0   0   0  -1.0  -1
1820.0   92992  0.247  1106  2741  2741   0   0  91   9   0   0   0  -1.0  -1
1830.0   92990  0.247  1106  2750  2750   0   0  91   9   0   0   0  -1.0  -1
1840.0   92988  0.247  1106  2760  2760   0   0  91   9   0   0   0  -1.0  -1
1850.0   92987  0.247  1106  2769  2769   0   0  91   9   0   0   0  -1.0  -1
1860.0   92986  0.247  1106  2778  2778   0   0  91   9   0   0   0  -1.0  -1
1870.0   92985  0.247  1106  2788  2788   0   0  91   9   0   0   0  -1.0  -1
1880.0   92983  0.247  1106  2797  2797   0   0  91   9   0   0   0  -1.0  -1
1890.0   92982  0.247  1106  2807  2807   0   0  91   9   0   0   0  -1.0  -1
1900.0   92982  0.247  1106  2816  2816   0   0  91   9   0   0   0  -1.0  -1
1910.0   92980  0.247  1106  2825  2825   0   0  91   9   0   0   0  -1.0  -1
1920.0   92980  0.247  1106  2835  2835   0   0  91   9   0   0   0  -1.0  -1
1930.0   92979  0.247  1106  2844  2844   0   0  91   9   0   0   0  -1.0  -1
1940.0   92978  0.247  1106  2853  2853   0   0  91   9   0   0   0  -1.0  -1
1950.0   92977  0.247  1106  2863  2863   0   0  91   9   0   0   0  -1.0  -1
1960.0   92977  0.247  1106  2872  2872   0   0  91   9   0   0   0  -1.0  -1
1970.0   92976  0.247  1106  2882  2882   0   0  91   9   0   0   0  -1.0  -1
1980.0   92976  0.247  1106  2891  2891   0   0  91   9   0   0   0  -1.0  -1
1990.0   92975  0.247  1106  2900  2900   0   0  91   9   0   0   0  -1.0  -1
2000.0   92974  0.247  1106  2910  2910   0   0  91   9   0   0   0  -1.0  -1
