% Input parameters
% year= 2007., month= 04, day= 01, hour=0.01,
% latitude= 46.4, longitude= 261.7, height= 100.
% Prof. parameters: start= 60. stop= 150. step= 1.
% 
% URSI maps are used for the F2 peak density (NmF2)
% CCIR maps are used for the F2 peak height (hmF2)
% B0-Table option is used for the bottomside thickness parameter B0
% Danilov- option is used for the ion composition
% The foF2 STORM model is turned on 
% IRI-95    option is used for the electron temperature
% IRI-95   option is used for the D-region Ne
% Scotto-97 no L   option is used for the F1 occurrence probability
% Peak Densities/cm-3: NmF2=  55940.0   NmF1=      0.0   NmE=   1713.8
% Peak Heights/km:     hmF2=   308.94   hmF1=     0.00   hmE=   110.00
%
% Local time=0.00
%
% Solar Zenith Angle/degree                             125.5
% Dip (Magnetic Inclination)/degree                     73.83
% Modip (Modified Dip)/degree                           57.20
% Solar Sunspot Number (12-months running mean) Rz12     10.5
% Ionospheric-Effective Solar Index IG12                  6.0
%
%-
%   H   ELECTRON DENSITY   TEMPERATURES         ION PERCENTAGES/%     1E16m-2
%   km  Ne/cm-3 Ne/NmF2 Tn/K  Ti/K  Te/K  O+  N+  H+ He+ O2+ NO+ Clust TEC t/%
  60.0      -1 -1.000    -1    -1    -1  -1  -1  -1  -1  -1  -1  -1  -1.0  -1
  61.0      -1 -1.000    -1    -1    -1  -1  -1  -1  -1  -1  -1  -1  -1.0  -1
  62.0      -1 -1.000    -1    -1    -1  -1  -1  -1  -1  -1  -1  -1  -1.0  -1
  63.0      -1 -1.000    -1    -1    -1  -1  -1  -1  -1  -1  -1  -1  -1.0  -1
  64.0      -1 -1.000    -1    -1    -1  -1  -1  -1  -1  -1  -1  -1  -1.0  -1
  65.0      -1 -1.000    -1    -1    -1  -1  -1  -1  -1  -1  -1  -1  -1.0  -1
  66.0      -1 -1.000    -1    -1    -1  -1  -1  -1  -1  -1  -1  -1  -1.0  -1
  67.0      -1 -1.000    -1    -1    -1  -1  -1  -1  -1  -1  -1  -1  -1.0  -1
  68.0      -1 -1.000    -1    -1    -1  -1  -1  -1  -1  -1  -1  -1  -1.0  -1
  69.0      -1 -1.000    -1    -1    -1  -1  -1  -1  -1  -1  -1  -1  -1.0  -1
  70.0      -1 -1.000    -1    -1    -1  -1  -1  -1  -1  -1  -1  -1  -1.0  -1
  71.0      -1 -1.000    -1    -1    -1  -1  -1  -1  -1  -1  -1  -1  -1.0  -1
  72.0      -1 -1.000    -1    -1    -1  -1  -1  -1  -1  -1  -1  -1  -1.0  -1
  73.0      -1 -1.000    -1    -1    -1  -1  -1  -1  -1  -1  -1  -1  -1.0  -1
  74.0      -1 -1.000    -1    -1    -1  -1  -1  -1  -1  -1  -1  -1  -1.0  -1
  75.0      -1 -1.000    -1    -1    -1   0   0   0   0   3   3  94  -1.0  -1
  76.0      -1 -1.000    -1    -1    -1   0   0   0   0   4   5  91  -1.0  -1
  77.0      -1 -1.000    -1    -1    -1   0   0   0   0   5   6  88  -1.0  -1
  78.0      -1 -1.000    -1    -1    -1   0   0   0   0   7   8  86  -1.0  -1
  79.0      -1 -1.000    -1    -1    -1   0   0   0   0   8   9  83  -1.0  -1
  80.0       1  0.000    -1    -1    -1   0   0   0   0   9  11  80  -1.0  -1
  81.0       5  0.000    -1    -1    -1   0   0   0   0  10  16  74  -1.0  -1
  82.0      22  0.000    -1    -1    -1   0   0   0   0  11  21  68  -1.0  -1
  83.0      70  0.001    -1    -1    -1   0   0   0   0  13  25  62  -1.0  -1
  84.0     152  0.002    -1    -1    -1   0   0   0   0  14  30  56  -1.0  -1
  85.0     249  0.004    -1    -1    -1   0   0   0   0  15  35  50  -1.0  -1
  86.0     329  0.005    -1    -1    -1   0   0   0   0  15  39  46  -1.0  -1
  87.0     376  0.005    -1    -1    -1   0   0   0   0  15  43  42  -1.0  -1
  88.0     400  0.006    -1    -1    -1   0   0   0   0  15  47  38  -1.0  -1
  89.0     424  0.006    -1    -1    -1   0   0   0   0  15  51  34  -1.0  -1
  90.0     474  0.007    -1    -1    -1   0   0   0   0  15  55  30  -1.0  -1
  91.0     586  0.008    -1    -1    -1   0   0   0   0  15  59  26  -1.0  -1
  92.0     850  0.012    -1    -1    -1   0   0   0   0  15  63  22  -1.0  -1
  93.0    1159  0.016    -1    -1    -1   0   0   0   0  15  67  18  -1.0  -1
  94.0    1284  0.018    -1    -1    -1   0   0   0   0  15  71  14  -1.0  -1
  95.0    1390  0.020    -1    -1    -1   0   0   0   0  15  75  10  -1.0  -1
  96.0    1478  0.021    -1    -1    -1   0   0   0   0  14  78   8  -1.0  -1
  97.0    1547  0.022    -1    -1    -1   0   0   0   0  13  81   6  -1.0  -1
  98.0    1600  0.023    -1    -1    -1   0   0   0   0  12  84   4  -1.0  -1
  99.0    1639  0.023    -1    -1    -1   0   0   0   0  11  87   2  -1.0  -1
 100.0    1667  0.023    -1    -1    -1   0   0   0   0  10  90   0  -1.0  -1
 101.0    1686  0.024    -1    -1    -1   0   0   0   0  11  89   0  -1.0  -1
 102.0    1698  0.024    -1    -1    -1   0   0   0   0  11  89   0  -1.0  -1
 103.0    1706  0.024    -1    -1    -1   0   0   0   0  12  88   0  -1.0  -1
 104.0    1710  0.024    -1    -1    -1   0   0   0   0  12  88   0  -1.0  -1
 105.0    1712  0.024    -1    -1    -1   0   0   0   0  13  87   0  -1.0  -1
 106.0    1713  0.024    -1    -1    -1   0   0   0   0  14  86   0  -1.0  -1
 107.0    1714  0.024    -1    -1    -1   0   0   0   0  14  86   0  -1.0  -1
 108.0    1714  0.024    -1    -1    -1   0   0   0   0  15  85   0  -1.0  -1
 109.0    1714  0.024    -1    -1    -1   0   0   0   0  16  84   0  -1.0  -1
 110.0    1714  0.024    -1    -1    -1   0   0   0   0  16  84   0  -1.0  -1
 111.0    1697  0.024    -1    -1    -1   0   0   0   0  17  83   0  -1.0  -1
 112.0    1651  0.023    -1    -1    -1   0   0   0   0  18  82   0  -1.0  -1
 113.0    1582  0.022    -1    -1    -1   0   0   0   0  18  82   0  -1.0  -1
 114.0    1496  0.021    -1    -1    -1   0   0   0   0  19  81   0  -1.0  -1
 115.0    1400  0.020    -1    -1    -1   0   0   0   0  19  81   0  -1.0  -1
 116.0    1298  0.018    -1    -1    -1   0   0   0   0  20  80   0  -1.0  -1
 117.0    1196  0.017    -1    -1    -1   0   0   0   0  21  79   0  -1.0  -1
 118.0    1096  0.015    -1    -1    -1   0   0   0   0  21  79   0  -1.0  -1
 119.0    1001  0.014    -1    -1    -1   0   0   0   0  22  78   0  -1.0  -1
 120.0     913  0.013   345   345   345   0   0   0   0  23  77   0  -1.0  -1
 121.0     832  0.012   359   359   359   0   0   0   0  23  77   0  -1.0  -1
 122.0     758  0.011   372   372   372   0   0   0   0  24  76   0  -1.0  -1
 123.0     692  0.010   384   384   384   0   0   0   0  24  76   0  -1.0  -1
 124.0     633  0.009   396   396   396   0   0   0   0  25  75   0  -1.0  -1
 125.0     582  0.008   408   408   408   0   0   0   0  26  74   0  -1.0  -1
 126.0     537  0.008   419   419   419   0   0   0   0  26  74   0  -1.0  -1
 127.0     497  0.007   430   430   430   0   0   0   0  27  73   0  -1.0  -1
 128.0     464  0.007   441   441   441   0   0   0   0  28  72   0  -1.0  -1
 129.0     435  0.006   451   451   451   0   0   0   0  28  72   0  -1.0  -1
 130.0     410  0.006   461   461   461   0   0   0   0  29  71   0  -1.0  -1
 131.0     390  0.005   470   470   470   0   0   0   0  29  71   0  -1.0  -1
 132.0     373  0.005   479   479   479   0   0   0   0  30  70   0  -1.0  -1
 133.0     359  0.005   488   488   488   0   0   0   0  31  69   0  -1.0  -1
 134.0     348  0.005   497   497   497   0   0   0   0  31  69   0  -1.0  -1
 135.0     340  0.005   505   505   505   0   0   0   0  32  68   0  -1.0  -1
 136.0     334  0.005   513   513   513   0   0   0   0  32  68   0  -1.0  -1
 137.0     331  0.005   521   521   521   0   0   0   0  33  67   0  -1.0  -1
 138.0     330  0.005   528   528   528   0   0   0   0  34  66   0  -1.0  -1
 139.0     331  0.005   535   535   535   0   0   0   0  34  66   0  -1.0  -1
 140.0     335  0.005   542   542   542   0   0   0   0  35  65   0  -1.0  -1
 141.0     340  0.005   549   549   549   0   0   0   0  35  65   0  -1.0  -1
 142.0     347  0.005   555   555   555   0   0   0   0  35  65   0  -1.0  -1
 143.0     357  0.005   561   561   563   0   0   0   0  35  65   0  -1.0  -1
 144.0     368  0.005   567   567   572   0   0   0   0  35  65   0  -1.0  -1
 145.0     382  0.005   573   573   580   0   0   0   0  35  65   0  -1.0  -1
 146.0     397  0.006   578   578   588   1   0   0   0  35  64   0  -1.0  -1
 147.0     415  0.006   584   584   596   1   0   0   0  35  64   0  -1.0  -1
 148.0     435  0.006   589   589   604   1   0   0   0  35  64   0  -1.0  -1
 149.0     457  0.006   594   594   612   1   0   0   0  35  64   0  -1.0  -1
 150.0     481  0.007   599   599   619   1   0   0   0  35  64   0  -1.0  -1
