% Summer nighttime summer neutral atmosphere density at HAARP location
% ---------------------------------------------------------------------------
% Created on 2006-06-13
% MSIS-E-90 Atmosphere Model
% http://modelweb.gsfc.nasa.gov/models/msis.html
% LOCAL TIME IS USED
% ---------------------------------------------------------------------------
% ModelWeb Browser Results
% msis model listing
% Intut parameters
% year= 2000, month= 07, day= 01, hour=2.,
% latitude= 62.39, longitude= 214.85, height= 100.
% Prof. parameters: start= 0. stop= 200. step= 1.
%
% F10.7(daily) used: 165.0
% F10.7(3-month avg) used: 195.7
% ap(daily,0-3,3-6,6-9,9-12,12-33,33-59 h prior) used:
%     6.9     5.0   9.0   4.0   9.0   4.4   7.8
% ---------------------------------------------------------------------------
%               NUMBER DENSITIES          MASS DENSITY  TEMPERATURE
%   H/KM     O/cm-3    N2/cm-3    O2/cm-3   m/g*cm-3     TN/K TEXO/K
     0.0   0.000E+00  2.040E+19  5.473E+18  1.255E-03   281.3  1037
     1.0   0.000E+00  1.823E+19  4.891E+18  1.122E-03   278.6  1037
     2.0   0.000E+00  1.638E+19  4.396E+18  1.008E-03   274.0  1037
     3.0   0.000E+00  1.477E+19  3.961E+18  9.085E-04   268.0  1037
     4.0   0.000E+00  1.331E+19  3.571E+18  8.190E-04   261.3  1037
     5.0   0.000E+00  1.198E+19  3.214E+18  7.371E-04   254.3  1037
     6.0   0.000E+00  1.074E+19  2.882E+18  6.610E-04   247.5  1037
     7.0   0.000E+00  9.585E+18  2.571E+18  5.897E-04   241.3  1037
     8.0   0.000E+00  8.500E+18  2.280E+18  5.230E-04   235.8  1037
     9.0   0.000E+00  7.486E+18  2.008E+18  4.606E-04   231.3  1037
    10.0   0.000E+00  6.545E+18  1.756E+18  4.027E-04   228.1  1037
    11.0   0.000E+00  5.681E+18  1.524E+18  3.495E-04   226.1  1037
    12.0   0.000E+00  4.903E+18  1.315E+18  3.017E-04   225.3  1037
    13.0   0.000E+00  4.218E+18  1.132E+18  2.595E-04   225.1  1037
    14.0   0.000E+00  3.622E+18  9.716E+17  2.228E-04   225.4  1037
    15.0   0.000E+00  3.109E+18  8.342E+17  1.913E-04   225.7  1037
    16.0   0.000E+00  2.672E+18  7.167E+17  1.644E-04   226.0  1037
    17.0   0.000E+00  2.297E+18  6.163E+17  1.413E-04   226.1  1037
    18.0   0.000E+00  1.976E+18  5.301E+17  1.216E-04   226.1  1037
    19.0   0.000E+00  1.700E+18  4.560E+17  1.046E-04   226.2  1037
    20.0   0.000E+00  1.462E+18  3.922E+17  8.994E-05   226.3  1037
    21.0   0.000E+00  1.257E+18  3.371E+17  7.732E-05   226.6  1037
    22.0   0.000E+00  1.080E+18  2.897E+17  6.644E-05   227.0  1037
    23.0   0.000E+00  9.277E+17  2.489E+17  5.708E-05   227.5  1037
    24.0   0.000E+00  7.966E+17  2.137E+17  4.901E-05   228.3  1037
    25.0   0.000E+00  6.838E+17  1.835E+17  4.207E-05   229.3  1037
    26.0   0.000E+00  5.869E+17  1.574E+17  3.611E-05   230.5  1037
    27.0   0.000E+00  5.036E+17  1.351E+17  3.098E-05   232.0  1037
    28.0   0.000E+00  4.320E+17  1.159E+17  2.658E-05   233.8  1037
    29.0   0.000E+00  3.706E+17  9.943E+16  2.280E-05   235.9  1037
    30.0   0.000E+00  3.180E+17  8.530E+16  1.956E-05   238.4  1037
    31.0   0.000E+00  2.728E+17  7.318E+16  1.678E-05   241.2  1037
    32.0   0.000E+00  2.341E+17  6.280E+16  1.440E-05   244.5  1037
    33.0   0.000E+00  2.010E+17  5.391E+16  1.236E-05   248.3  1037
    34.0   0.000E+00  1.730E+17  4.640E+16  1.064E-05   252.0  1037
    35.0   0.000E+00  1.492E+17  4.004E+16  9.182E-06   255.6  1037
    36.0   0.000E+00  1.291E+17  3.464E+16  7.943E-06   259.0  1037
    37.0   0.000E+00  1.120E+17  3.004E+16  6.889E-06   262.3  1037
    38.0   0.000E+00  9.736E+16  2.612E+16  5.990E-06   265.5  1037
    39.0   0.000E+00  8.486E+16  2.276E+16  5.221E-06   268.4  1037
    40.0   0.000E+00  7.413E+16  1.989E+16  4.561E-06   271.0  1037
    41.0   0.000E+00  6.490E+16  1.741E+16  3.993E-06   273.5  1037
    42.0   0.000E+00  5.695E+16  1.528E+16  3.504E-06   275.6  1037
    43.0   0.000E+00  5.007E+16  1.343E+16  3.081E-06   277.4  1037
    44.0   0.000E+00  4.411E+16  1.183E+16  2.714E-06   279.0  1037
    45.0   0.000E+00  3.894E+16  1.045E+16  2.396E-06   280.1  1037
    46.0   0.000E+00  3.443E+16  9.236E+15  2.118E-06   280.9  1037
    47.0   0.000E+00  3.049E+16  8.180E+15  1.876E-06   281.4  1037
    48.0   0.000E+00  2.705E+16  7.256E+15  1.664E-06   281.4  1037
    49.0   0.000E+00  2.402E+16  6.444E+15  1.478E-06   281.1  1037
    50.0   0.000E+00  2.136E+16  5.730E+15  1.314E-06   280.4  1037
    51.0   0.000E+00  1.901E+16  5.100E+15  1.170E-06   279.4  1037
    52.0   0.000E+00  1.694E+16  4.544E+15  1.042E-06   277.9  1037
    53.0   0.000E+00  1.510E+16  4.050E+15  9.289E-07   276.1  1037
    54.0   0.000E+00  1.347E+16  3.612E+15  8.284E-07   274.0  1037
    55.0   0.000E+00  1.201E+16  3.223E+15  7.391E-07   271.5  1037
    56.0   0.000E+00  1.072E+16  2.875E+15  6.594E-07   268.7  1037
    57.0   0.000E+00  9.560E+15  2.565E+15  5.882E-07   265.6  1037
    58.0   0.000E+00  8.524E+15  2.287E+15  5.245E-07   262.3  1037
    59.0   0.000E+00  7.595E+15  2.038E+15  4.673E-07   258.8  1037
    60.0   0.000E+00  6.762E+15  1.814E+15  4.160E-07   255.1  1037
    61.0   0.000E+00  6.012E+15  1.613E+15  3.699E-07   251.3  1037
    62.0   0.000E+00  5.339E+15  1.432E+15  3.285E-07   247.4  1037
    63.0   0.000E+00  4.734E+15  1.270E+15  2.912E-07   243.4  1037
    64.0   0.000E+00  4.190E+15  1.123E+15  2.577E-07   239.3  1037
    65.0   0.000E+00  3.701E+15  9.919E+14  2.277E-07   235.2  1037
    66.0   0.000E+00  3.263E+15  8.740E+14  2.007E-07   231.2  1037
    67.0   0.000E+00  2.870E+15  7.684E+14  1.765E-07   227.1  1037
    68.0   0.000E+00  2.518E+15  6.739E+14  1.548E-07   223.1  1037
    69.0   0.000E+00  2.204E+15  5.895E+14  1.355E-07   219.1  1037
    70.0   0.000E+00  1.924E+15  5.144E+14  1.183E-07   215.2  1037
    71.0   0.000E+00  1.674E+15  4.475E+14  1.029E-07   211.4  1037
    72.0   0.000E+00  1.453E+15  3.883E+14  8.933E-08   207.6  1037
    73.0   3.820E+07  1.256E+15  3.353E+14  7.718E-08   203.8  1037
    74.0   8.410E+07  1.090E+15  2.909E+14  6.699E-08   198.9  1037
    75.0   1.826E+08  9.472E+14  2.525E+14  5.819E-08   193.1  1037
    76.0   3.881E+08  8.214E+14  2.188E+14  5.045E-08   186.9  1037
    77.0   8.010E+08  7.095E+14  1.888E+14  4.357E-08   180.5  1037
    78.0   1.596E+09  6.095E+14  1.619E+14  3.742E-08   174.1  1037
    79.0   3.054E+09  5.200E+14  1.379E+14  3.191E-08   168.0  1037
    80.0   5.588E+09  4.401E+14  1.165E+14  2.699E-08   162.3  1037
    81.0   9.748E+09  3.692E+14  9.755E+13  2.264E-08   157.2  1037
    82.0   1.618E+10  3.070E+14  8.090E+13  1.881E-08   152.6  1037
    83.0   2.552E+10  2.529E+14  6.644E+13  1.549E-08   148.6  1037
    84.0   3.826E+10  2.065E+14  5.405E+13  1.263E-08   145.4  1037
    85.0   5.454E+10  1.672E+14  4.355E+13  1.021E-08   142.8  1037
    86.0   7.402E+10  1.342E+14  3.478E+13  8.191E-09   141.1  1037
    87.0   9.583E+10  1.069E+14  2.755E+13  6.518E-09   140.1  1037
    88.0   1.186E+11  8.462E+13  2.165E+13  5.151E-09   140.1  1037
    89.0   1.408E+11  6.657E+13  1.690E+13  4.046E-09   141.0  1037
    90.0   1.608E+11  5.210E+13  1.311E+13  3.161E-09   143.2  1037
    91.0   1.771E+11  4.061E+13  1.011E+13  2.460E-09   146.7  1037
    92.0   1.891E+11  3.161E+13  7.782E+12  1.911E-09   151.5  1037
    93.0   1.967E+11  2.461E+13  5.987E+12  1.485E-09   157.7  1037
    94.0   2.001E+11  1.922E+13  4.614E+12  1.157E-09   165.2  1037
    95.0   1.998E+11  1.508E+13  3.568E+12  9.063E-10   173.9  1037
    96.0   1.966E+11  1.190E+13  2.774E+12  7.140E-10   183.9  1037
    97.0   1.913E+11  9.470E+12  2.172E+12  5.669E-10   194.9  1037
    98.0   1.847E+11  7.605E+12  1.715E+12  4.545E-10   206.7  1037
    99.0   1.774E+11  6.177E+12  1.368E+12  3.685E-10   218.7  1037
   100.0   1.703E+11  5.085E+12  1.105E+12  3.028E-10   230.1  1037
   101.0   1.637E+11  4.250E+12  9.052E+11  2.526E-10   240.2  1037
   102.0   1.577E+11  3.601E+12  7.510E+11  2.136E-10   248.6  1037
   103.0   1.522E+11  3.087E+12  6.297E+11  1.828E-10   255.2  1037
   104.0   1.469E+11  2.673E+12  5.325E+11  1.579E-10   260.3  1037
   105.0   1.418E+11  2.332E+12  4.531E+11  1.375E-10   264.0  1037
   106.0   1.366E+11  2.046E+12  3.872E+11  1.204E-10   266.7  1037
   107.0   1.312E+11  1.801E+12  3.315E+11  1.057E-10   268.8  1037
   108.0   1.256E+11  1.587E+12  2.839E+11  9.300E-11   270.8  1037
   109.0   1.196E+11  1.399E+12  2.428E+11  8.178E-11   273.1  1037
   110.0   1.131E+11  1.231E+12  2.070E+11  7.179E-11   276.3  1037
   111.0   1.063E+11  1.080E+12  1.758E+11  6.284E-11   280.8  1037
   112.0   9.931E+10  9.448E+11  1.489E+11  5.488E-11   286.7  1037
   113.0   9.228E+10  8.254E+11  1.258E+11  4.785E-11   293.9  1037
   114.0   8.538E+10  7.204E+11  1.062E+11  4.169E-11   302.5  1037
   115.0   7.872E+10  6.285E+11  8.959E+10  3.632E-11   312.5  1037
   116.0   7.238E+10  5.486E+11  7.564E+10  3.165E-11   323.9  1037
   117.0   6.641E+10  4.792E+11  6.395E+10  2.761E-11   336.6  1037
   118.0   6.084E+10  4.191E+11  5.418E+10  2.413E-11   350.7  1037
   119.0   5.570E+10  3.673E+11  4.604E+10  2.113E-11   366.1  1037
   120.0   5.100E+10  3.228E+11  3.926E+10  1.855E-11   382.6  1037
   121.0   4.672E+10  2.845E+11  3.363E+10  1.635E-11   400.0  1037
   122.0   4.288E+10  2.518E+11  2.897E+10  1.446E-11   418.1  1037
   123.0   3.942E+10  2.237E+11  2.507E+10  1.285E-11   436.8  1184
   124.0   3.638E+10  2.000E+11  2.187E+10  1.148E-11   455.0  1184
   125.0   3.370E+10  1.797E+11  1.920E+10  1.032E-11   472.8  1184
   126.0   3.132E+10  1.623E+11  1.696E+10  9.323E-12   490.1  1184
   127.0   2.919E+10  1.472E+11  1.507E+10  8.459E-12   507.0  1184
   128.0   2.727E+10  1.340E+11  1.346E+10  7.706E-12   523.5  1184
   129.0   2.555E+10  1.225E+11  1.208E+10  7.047E-12   539.5  1184
   130.0   2.399E+10  1.123E+11  1.089E+10  6.466E-12   555.2  1184
   131.0   2.257E+10  1.033E+11  9.861E+09  5.952E-12   570.5  1184
   132.0   2.127E+10  9.529E+10  8.961E+09  5.495E-12   585.4  1184
   133.0   2.009E+10  8.813E+10  8.173E+09  5.086E-12   599.9  1184
   134.0   1.900E+10  8.171E+10  7.479E+09  4.720E-12   614.1  1184
   135.0   1.801E+10  7.593E+10  6.865E+09  4.390E-12   627.9  1184
   136.0   1.709E+10  7.071E+10  6.319E+09  4.093E-12   641.4  1184
   137.0   1.624E+10  6.598E+10  5.832E+09  3.823E-12   654.6  1184
   138.0   1.545E+10  6.168E+10  5.396E+09  3.578E-12   667.4  1184
   139.0   1.472E+10  5.776E+10  5.003E+09  3.354E-12   680.0  1184
   140.0   1.404E+10  5.418E+10  4.650E+09  3.150E-12   692.2  1184
   141.0   1.340E+10  5.090E+10  4.330E+09  2.963E-12   704.1  1184
   142.0   1.281E+10  4.789E+10  4.039E+09  2.791E-12   715.7  1184
   143.0   1.226E+10  4.512E+10  3.775E+09  2.633E-12   727.1  1184
   144.0   1.174E+10  4.257E+10  3.533E+09  2.487E-12   738.1  1184
   145.0   1.126E+10  4.021E+10  3.313E+09  2.352E-12   748.9  1184
   146.0   1.080E+10  3.802E+10  3.110E+09  2.227E-12   759.5  1184
   147.0   1.037E+10  3.599E+10  2.924E+09  2.111E-12   769.7  1184
   148.0   9.971E+09  3.411E+10  2.752E+09  2.003E-12   779.8  1184
   149.0   9.591E+09  3.236E+10  2.594E+09  1.903E-12   789.5  1184
   150.0   9.232E+09  3.073E+10  2.447E+09  1.809E-12   799.1  1184
   151.0   8.893E+09  2.920E+10  2.312E+09  1.722E-12   808.4  1184
   152.0   8.572E+09  2.778E+10  2.186E+09  1.640E-12   817.4  1184
   153.0   8.267E+09  2.645E+10  2.068E+09  1.564E-12   826.3  1184
   154.0   7.979E+09  2.520E+10  1.959E+09  1.492E-12   834.9  1184
   155.0   7.705E+09  2.403E+10  1.858E+09  1.424E-12   843.4  1184
   156.0   7.446E+09  2.293E+10  1.763E+09  1.361E-12   851.6  1184
   157.0   7.198E+09  2.189E+10  1.674E+09  1.302E-12   859.6  1184
   158.0   6.963E+09  2.092E+10  1.591E+09  1.245E-12   867.4  1184
   159.0   6.739E+09  2.000E+10  1.513E+09  1.192E-12   875.1  1184
   160.0   6.525E+09  1.913E+10  1.440E+09  1.142E-12   882.5  1184
   161.0   6.321E+09  1.831E+10  1.371E+09  1.095E-12   889.8  1184
   162.0   6.126E+09  1.754E+10  1.306E+09  1.050E-12   896.9  1184
   163.0   5.940E+09  1.681E+10  1.246E+09  1.008E-12   903.8  1184
   164.0   5.762E+09  1.611E+10  1.188E+09  9.679E-13   910.5  1184
   165.0   5.592E+09  1.546E+10  1.134E+09  9.299E-13   917.1  1184
   166.0   5.428E+09  1.484E+10  1.083E+09  8.938E-13   923.5  1184
   167.0   5.272E+09  1.424E+10  1.035E+09  8.595E-13   929.8  1184
   168.0   5.122E+09  1.368E+10  9.894E+08  8.269E-13   935.9  1184
   169.0   4.978E+09  1.315E+10  9.463E+08  7.959E-13   941.9  1184
   170.0   4.840E+09  1.264E+10  9.054E+08  7.664E-13   947.7  1184
   171.0   4.707E+09  1.216E+10  8.667E+08  7.382E-13   953.4  1184
   172.0   4.579E+09  1.170E+10  8.300E+08  7.114E-13   958.9  1184
   173.0   4.457E+09  1.126E+10  7.952E+08  6.859E-13   964.4  1184
   174.0   4.338E+09  1.084E+10  7.621E+08  6.615E-13   969.6  1184
   175.0   4.225E+09  1.044E+10  7.307E+08  6.381E-13   974.8  1184
   176.0   4.115E+09  1.006E+10  7.008E+08  6.159E-13   979.8  1184
   177.0   4.009E+09  9.696E+09  6.724E+08  5.946E-13   984.7  1184
   178.0   3.907E+09  9.348E+09  6.453E+08  5.742E-13   989.5  1184
   179.0   3.809E+09  9.015E+09  6.196E+08  5.547E-13   994.2  1184
   180.0   3.714E+09  8.696E+09  5.950E+08  5.360E-13   998.7  1184
   181.0   3.623E+09  8.392E+09  5.716E+08  5.181E-13  1003.2  1184
   182.0   3.534E+09  8.100E+09  5.493E+08  5.010E-13  1007.5  1184
   183.0   3.448E+09  7.820E+09  5.280E+08  4.845E-13  1011.7  1184
   184.0   3.366E+09  7.552E+09  5.077E+08  4.688E-13  1015.9  1184
   185.0   3.286E+09  7.294E+09  4.883E+08  4.536E-13  1019.9  1184
   186.0   3.208E+09  7.048E+09  4.697E+08  4.391E-13  1023.8  1184
   187.0   3.133E+09  6.811E+09  4.520E+08  4.251E-13  1027.6  1184
   188.0   3.061E+09  6.584E+09  4.350E+08  4.117E-13  1031.4  1184
   189.0   2.990E+09  6.365E+09  4.188E+08  3.988E-13  1035.0  1184
   190.0   2.922E+09  6.155E+09  4.033E+08  3.863E-13  1038.6  1184
   191.0   2.856E+09  5.954E+09  3.884E+08  3.744E-13  1042.1  1184
   192.0   2.792E+09  5.760E+09  3.741E+08  3.629E-13  1045.5  1184
   193.0   2.730E+09  5.573E+09  3.605E+08  3.518E-13  1048.8  1184
   194.0   2.670E+09  5.394E+09  3.474E+08  3.412E-13  1052.0  1184
   195.0   2.611E+09  5.221E+09  3.349E+08  3.309E-13  1055.2  1184
   196.0   2.554E+09  5.055E+09  3.229E+08  3.210E-13  1058.3  1184
   197.0   2.499E+09  4.894E+09  3.113E+08  3.115E-13  1061.3  1184
   198.0   2.446E+09  4.740E+09  3.003E+08  3.022E-13  1064.2  1184
   199.0   2.394E+09  4.591E+09  2.896E+08  2.934E-13  1067.1  1184
   200.0   2.343E+09  4.448E+09  2.794E+08  2.848E-13  1069.9  1184
   201.0   2.294E+09  4.310E+09  2.699E+08  2.765E-13  1072.6  1184
   202.0   2.246E+09  4.177E+09  2.604E+08  2.686E-13  1075.2  1184
   203.0   2.199E+09  4.048E+09  2.514E+08  2.608E-13  1077.8  1184
   204.0   2.154E+09  3.924E+09  2.427E+08  2.534E-13  1080.4  1184
   205.0   2.110E+09  3.804E+09  2.343E+08  2.462E-13  1082.8  1184
   206.0   2.067E+09  3.689E+09  2.263E+08  2.392E-13  1085.3  1184
   207.0   2.025E+09  3.577E+09  2.185E+08  2.325E-13  1087.6  1184
   208.0   1.984E+09  3.469E+09  2.111E+08  2.260E-13  1089.9  1184
   209.0   1.945E+09  3.365E+09  2.039E+08  2.197E-13  1092.2  1184
   210.0   1.906E+09  3.264E+09  1.970E+08  2.136E-13  1094.3  1184
   211.0   1.869E+09  3.167E+09  1.904E+08  2.077E-13  1096.5  1184
   212.0   1.832E+09  3.073E+09  1.840E+08  2.020E-13  1098.6  1184
   213.0   1.796E+09  2.982E+09  1.778E+08  1.965E-13  1100.6  1184
   214.0   1.761E+09  2.894E+09  1.719E+08  1.912E-13  1102.6  1184
   215.0   1.727E+09  2.809E+09  1.662E+08  1.860E-13  1104.5  1184
   216.0   1.694E+09  2.727E+09  1.607E+08  1.810E-13  1106.4  1184
   217.0   1.661E+09  2.648E+09  1.554E+08  1.762E-13  1108.3  1184
   218.0   1.630E+09  2.571E+09  1.502E+08  1.715E-13  1110.1  1184
   219.0   1.599E+09  2.496E+09  1.453E+08  1.669E-13  1111.8  1184
   220.0   1.569E+09  2.424E+09  1.405E+08  1.625E-13  1113.5  1184
   221.0   1.539E+09  2.354E+09  1.360E+08  1.582E-13  1115.2  1184
   222.0   1.511E+09  2.286E+09  1.315E+08  1.540E-13  1116.9  1184
   223.0   1.483E+09  2.221E+09  1.273E+08  1.500E-13  1118.5  1184
   224.0   1.455E+09  2.158E+09  1.231E+08  1.461E-13  1120.0  1184
   225.0   1.428E+09  2.096E+09  1.192E+08  1.423E-13  1121.5  1184
   226.0   1.402E+09  2.037E+09  1.153E+08  1.386E-13  1123.0  1184
   227.0   1.376E+09  1.979E+09  1.116E+08  1.351E-13  1124.5  1184
   228.0   1.351E+09  1.923E+09  1.080E+08  1.316E-13  1125.9  1184
   229.0   1.327E+09  1.869E+09  1.046E+08  1.282E-13  1127.3  1184
   230.0   1.303E+09  1.816E+09  1.013E+08  1.250E-13  1128.6  1184
   231.0   1.280E+09  1.765E+09  9.803E+07  1.218E-13  1129.9  1184
   232.0   1.257E+09  1.716E+09  9.492E+07  1.187E-13  1131.2  1184
   233.0   1.234E+09  1.668E+09  9.191E+07  1.157E-13  1132.5  1184
   234.0   1.212E+09  1.622E+09  8.901E+07  1.128E-13  1133.7  1184
   235.0   1.191E+09  1.577E+09  8.620E+07  1.100E-13  1134.9  1184
   236.0   1.170E+09  1.533E+09  8.349E+07  1.073E-13  1136.1  1184
   237.0   1.149E+09  1.490E+09  8.086E+07  1.046E-13  1137.2  1184
   238.0   1.129E+09  1.449E+09  7.833E+07  1.020E-13  1138.3  1184
   239.0   1.110E+09  1.409E+09  7.588E+07  9.950E-14  1139.4  1184
   240.0   1.090E+09  1.371E+09  7.351E+07  9.705E-14  1140.5  1184
   241.0   1.072E+09  1.333E+09  7.122E+07  9.467E-14  1141.5  1184
   242.0   1.053E+09  1.296E+09  6.900E+07  9.236E-14  1142.5  1184
   243.0   1.035E+09  1.261E+09  6.686E+07  9.011E-14  1143.5  1184
   244.0   1.017E+09  1.227E+09  6.478E+07  8.792E-14  1144.5  1184
   245.0   9.998E+08  1.193E+09  6.278E+07  8.579E-14  1145.4  1184
   246.0   9.828E+08  1.161E+09  6.084E+07  8.372E-14  1146.3  1184
   247.0   9.661E+08  1.129E+09  5.896E+07  8.171E-14  1147.2  1184
   248.0   9.498E+08  1.099E+09  5.715E+07  7.975E-14  1148.1  1184
   249.0   9.337E+08  1.069E+09  5.539E+07  7.784E-14  1148.9  1184
   250.0   9.180E+08  1.040E+09  5.369E+07  7.598E-14  1149.8  1184
   251.0   9.026E+08  1.012E+09  5.204E+07  7.418E-14  1150.6  1184
   252.0   8.875E+08  9.848E+08  5.045E+07  7.242E-14  1151.4  1184
   253.0   8.727E+08  9.584E+08  4.891E+07  7.071E-14  1152.1  1184
   254.0   8.582E+08  9.327E+08  4.742E+07  6.904E-14  1152.9  1184
   255.0   8.440E+08  9.077E+08  4.597E+07  6.742E-14  1153.6  1184
   256.0   8.300E+08  8.834E+08  4.457E+07  6.584E-14  1154.4  1184
   257.0   8.163E+08  8.598E+08  4.322E+07  6.430E-14  1155.1  1184
   258.0   8.029E+08  8.369E+08  4.191E+07  6.280E-14  1155.8  1184
   259.0   7.897E+08  8.146E+08  4.064E+07  6.134E-14  1156.4  1184
   260.0   7.767E+08  7.929E+08  3.941E+07  5.992E-14  1157.1  1184
   261.0   7.641E+08  7.718E+08  3.822E+07  5.853E-14  1157.7  1184
   262.0   7.516E+08  7.513E+08  3.706E+07  5.719E-14  1158.3  1184
   263.0   7.394E+08  7.314E+08  3.594E+07  5.587E-14  1159.0  1184
   264.0   7.274E+08  7.121E+08  3.486E+07  5.459E-14  1159.6  1184
   265.0   7.156E+08  6.932E+08  3.381E+07  5.334E-14  1160.1  1184
   266.0   7.041E+08  6.749E+08  3.280E+07  5.212E-14  1160.7  1184
   267.0   6.927E+08  6.571E+08  3.181E+07  5.094E-14  1161.3  1184
   268.0   6.816E+08  6.398E+08  3.086E+07  4.978E-14  1161.8  1184
   269.0   6.707E+08  6.230E+08  2.993E+07  4.866E-14  1162.3  1184
   270.0   6.599E+08  6.066E+08  2.904E+07  4.756E-14  1162.8  1184
   271.0   6.494E+08  5.907E+08  2.817E+07  4.649E-14  1163.3  1184
   272.0   6.390E+08  5.752E+08  2.733E+07  4.544E-14  1163.8  1184
   273.0   6.289E+08  5.602E+08  2.652E+07  4.442E-14  1164.3  1184
   274.0   6.189E+08  5.455E+08  2.573E+07  4.343E-14  1164.8  1184
   275.0   6.091E+08  5.312E+08  2.496E+07  4.246E-14  1165.2  1184
   276.0   5.995E+08  5.174E+08  2.422E+07  4.152E-14  1165.7  1184
   277.0   5.900E+08  5.039E+08  2.350E+07  4.060E-14  1166.1  1184
   278.0   5.807E+08  4.907E+08  2.280E+07  3.970E-14  1166.6  1184
   279.0   5.716E+08  4.780E+08  2.212E+07  3.882E-14  1167.0  1184
   280.0   5.626E+08  4.655E+08  2.147E+07  3.797E-14  1167.4  1184
   281.0   5.538E+08  4.534E+08  2.083E+07  3.714E-14  1167.8  1184
   282.0   5.451E+08  4.417E+08  2.022E+07  3.632E-14  1168.2  1184
   283.0   5.366E+08  4.302E+08  1.962E+07  3.553E-14  1168.5  1184
   284.0   5.283E+08  4.191E+08  1.904E+07  3.475E-14  1168.9  1184
   285.0   5.200E+08  4.082E+08  1.848E+07  3.400E-14  1169.3  1184
   286.0   5.120E+08  3.977E+08  1.794E+07  3.326E-14  1169.6  1184
   287.0   5.040E+08  3.874E+08  1.741E+07  3.254E-14  1170.0  1184
   288.0   4.962E+08  3.774E+08  1.690E+07  3.184E-14  1170.3  1184
   289.0   4.885E+08  3.676E+08  1.640E+07  3.115E-14  1170.6  1184
   290.0   4.810E+08  3.582E+08  1.592E+07  3.048E-14  1171.0  1184
   291.0   4.736E+08  3.489E+08  1.545E+07  2.983E-14  1171.3  1184
   292.0   4.663E+08  3.399E+08  1.500E+07  2.919E-14  1171.6  1184
   293.0   4.591E+08  3.312E+08  1.456E+07  2.856E-14  1171.9  1184
   294.0   4.521E+08  3.227E+08  1.413E+07  2.796E-14  1172.2  1184
   295.0   4.452E+08  3.144E+08  1.372E+07  2.736E-14  1172.5  1184
   296.0   4.384E+08  3.063E+08  1.332E+07  2.678E-14  1172.7  1184
   297.0   4.317E+08  2.985E+08  1.293E+07  2.622E-14  1173.0  1184
   298.0   4.251E+08  2.908E+08  1.255E+07  2.566E-14  1173.3  1184
   299.0   4.186E+08  2.834E+08  1.218E+07  2.512E-14  1173.5  1184
   300.0   4.131E+08  2.761E+08  1.183E+07  2.462E-14  1173.8  1184
   305.0   3.827E+08  2.426E+08  1.020E+07  2.215E-14  1175.0  1184
   310.0   3.546E+08  2.133E+08  8.808E+06  1.996E-14  1176.0  1184
   315.0   3.288E+08  1.876E+08  7.605E+06  1.800E-14  1176.9  1184
   320.0   3.050E+08  1.650E+08  6.570E+06  1.626E-14  1177.8  1184
   325.0   2.830E+08  1.452E+08  5.678E+06  1.469E-14  1178.5  1184
   330.0   2.627E+08  1.278E+08  4.908E+06  1.330E-14  1179.2  1184
   335.0   2.439E+08  1.126E+08  4.245E+06  1.205E-14  1179.7  1184
   340.0   2.265E+08  9.916E+07  3.672E+06  1.092E-14  1180.3  1184
   345.0   2.105E+08  8.737E+07  3.178E+06  9.917E-15  1180.7  1184
   350.0   1.956E+08  7.701E+07  2.751E+06  9.012E-15  1181.1  1184
   355.0   1.818E+08  6.789E+07  2.382E+06  8.197E-15  1181.5  1184
   360.0   1.691E+08  5.987E+07  2.063E+06  7.463E-15  1181.8  1184
   365.0   1.572E+08  5.281E+07  1.788E+06  6.801E-15  1182.1  1184
   370.0   1.463E+08  4.659E+07  1.549E+06  6.203E-15  1182.4  1184
   375.0   1.361E+08  4.112E+07  1.343E+06  5.663E-15  1182.6  1184
   380.0   1.266E+08  3.629E+07  1.165E+06  5.174E-15  1182.8  1184
   385.0   1.179E+08  3.204E+07  1.010E+06  4.732E-15  1183.0  1184
   390.0   1.097E+08  2.830E+07  8.763E+05  4.331E-15  1183.1  1184
   395.0   1.022E+08  2.499E+07  7.604E+05  3.967E-15  1183.3  1184
   400.0   9.514E+07  2.208E+07  6.600E+05  3.637E-15  1183.4  1184
   405.0   8.831E+07  1.951E+07  5.730E+05  3.329E-15  1183.5  1184
   410.0   8.229E+07  1.724E+07  4.976E+05  3.057E-15  1183.6  1184
   415.0   7.669E+07  1.524E+07  4.322E+05  2.809E-15  1183.7  1184
   420.0   7.147E+07  1.348E+07  3.755E+05  2.583E-15  1183.8  1184
   425.0   6.662E+07  1.192E+07  3.263E+05  2.377E-15  1183.9  1184
   430.0   6.211E+07  1.054E+07  2.836E+05  2.189E-15  1183.9  1184
   435.0   5.791E+07  9.326E+06  2.465E+05  2.017E-15  1184.0  1184
   440.0   5.400E+07  8.252E+06  2.144E+05  1.860E-15  1184.1  1184
   445.0   5.036E+07  7.304E+06  1.864E+05  1.716E-15  1184.1  1184
   450.0   4.697E+07  6.465E+06  1.622E+05  1.584E-15  1184.1  1184
   455.0   4.381E+07  5.724E+06  1.411E+05  1.463E-15  1184.2  1184
   460.0   4.087E+07  5.069E+06  1.228E+05  1.352E-15  1184.2  1184
   465.0   3.813E+07  4.489E+06  1.069E+05  1.250E-15  1184.2  1184
   470.0   3.558E+07  3.977E+06  9.306E+04  1.157E-15  1184.3  1184
   475.0   3.320E+07  3.523E+06  8.104E+04  1.071E-15  1184.3  1184
   480.0   3.098E+07  3.122E+06  7.059E+04  9.915E-16  1184.3  1184
   485.0   2.892E+07  2.767E+06  6.149E+04  9.187E-16  1184.3  1184
   490.0   2.699E+07  2.453E+06  5.358E+04  8.516E-16  1184.3  1184
   495.0   2.520E+07  2.175E+06  4.670E+04  7.898E-16  1184.4  1184
   500.0   2.353E+07  1.929E+06  4.071E+04  7.327E-16  1184.4  1184
   505.0   2.197E+07  1.711E+06  3.549E+04  6.801E-16  1184.4  1184
   510.0   2.052E+07  1.518E+06  3.095E+04  6.316E-16  1184.4  1184
   515.0   1.916E+07  1.347E+06  2.700E+04  5.867E-16  1184.4  1184
   520.0   1.790E+07  1.195E+06  2.355E+04  5.452E-16  1184.4  1184
   525.0   1.672E+07  1.061E+06  2.055E+04  5.069E-16  1184.4  1184
   530.0   1.562E+07  9.415E+05  1.794E+04  4.714E-16  1184.4  1184
   535.0   1.459E+07  8.360E+05  1.566E+04  4.386E-16  1184.4  1184
   540.0   1.363E+07  7.424E+05  1.367E+04  4.082E-16  1184.4  1184
   545.0   1.274E+07  6.594E+05  1.194E+04  3.800E-16  1184.4  1184
   550.0   1.191E+07  5.857E+05  1.043E+04  3.539E-16  1184.4  1184
   555.0   1.113E+07  5.204E+05  9.109E+03  3.297E-16  1184.5  1184
   560.0   1.040E+07  4.625E+05  7.959E+03  3.072E-16  1184.5  1184
   565.0   9.726E+06  4.111E+05  6.956E+03  2.864E-16  1184.5  1184
   570.0   9.093E+06  3.654E+05  6.081E+03  2.670E-16  1184.5  1184
   575.0   8.503E+06  3.249E+05  5.316E+03  2.490E-16  1184.5  1184
   580.0   7.951E+06  2.889E+05  4.649E+03  2.323E-16  1184.5  1184
   585.0   7.436E+06  2.570E+05  4.066E+03  2.168E-16  1184.5  1184
   590.0   6.955E+06  2.286E+05  3.557E+03  2.024E-16  1184.5  1184
   595.0   6.506E+06  2.034E+05  3.112E+03  1.890E-16  1184.5  1184
   600.0   6.086E+06  1.810E+05  2.724E+03  1.765E-16  1184.5  1184
   605.0   5.694E+06  1.611E+05  2.384E+03  1.649E-16  1184.5  1184
   610.0   5.328E+06  1.434E+05  2.087E+03  1.541E-16  1184.5  1184
   615.0   4.985E+06  1.276E+05  1.828E+03  1.440E-16  1184.5  1184
   620.0   4.666E+06  1.137E+05  1.601E+03  1.346E-16  1184.5  1184
   625.0   4.367E+06  1.012E+05  1.402E+03  1.259E-16  1184.5  1184
   630.0   4.087E+06  9.016E+04  1.229E+03  1.178E-16  1184.5  1184
   635.0   3.826E+06  8.033E+04  1.077E+03  1.102E-16  1184.5  1184
   640.0   3.582E+06  7.157E+04  9.436E+02  1.031E-16  1184.5  1184
   645.0   3.354E+06  6.379E+04  8.272E+02  9.649E-17  1184.5  1184
   650.0   3.140E+06  5.685E+04  7.253E+02  9.034E-17  1184.5  1184
   655.0   2.941E+06  5.068E+04  6.361E+02  8.459E-17  1184.5  1184
   660.0   2.754E+06  4.519E+04  5.579E+02  7.923E-17  1184.5  1184
   665.0   2.580E+06  4.030E+04  4.895E+02  7.422E-17  1184.5  1184
   670.0   2.417E+06  3.594E+04  4.295E+02  6.955E-17  1184.5  1184
   675.0   2.264E+06  3.207E+04  3.769E+02  6.518E-17  1184.5  1184
   680.0   2.121E+06  2.861E+04  3.308E+02  6.111E-17  1184.5  1184
   685.0   1.987E+06  2.553E+04  2.905E+02  5.730E-17  1184.5  1184
   690.0   1.862E+06  2.278E+04  2.551E+02  5.374E-17  1184.5  1184
   695.0   1.745E+06  2.034E+04  2.240E+02  5.041E-17  1184.5  1184
   700.0   1.636E+06  1.816E+04  1.968E+02  4.730E-17  1184.5  1184
   705.0   1.533E+06  1.621E+04  1.729E+02  4.439E-17  1184.5  1184
   710.0   1.437E+06  1.448E+04  1.519E+02  4.167E-17  1184.5  1184
   715.0   1.348E+06  1.293E+04  1.335E+02  3.912E-17  1184.5  1184
   720.0   1.263E+06  1.155E+04  1.174E+02  3.674E-17  1184.5  1184
   725.0   1.185E+06  1.032E+04  1.032E+02  3.451E-17  1184.5  1184
   730.0   1.111E+06  9.225E+03  9.076E+01  3.242E-17  1184.5  1184
   735.0   1.042E+06  8.245E+03  7.983E+01  3.047E-17  1184.5  1184
   740.0   9.772E+05  7.371E+03  7.023E+01  2.864E-17  1184.5  1184
   745.0   9.166E+05  6.590E+03  6.179E+01  2.693E-17  1184.5  1184
   750.0   8.599E+05  5.893E+03  5.438E+01  2.533E-17  1184.5  1184
   755.0   8.067E+05  5.270E+03  4.786E+01  2.382E-17  1184.5  1184
   760.0   7.569E+05  4.714E+03  4.214E+01  2.242E-17  1184.5  1184
   765.0   7.103E+05  4.217E+03  3.710E+01  2.110E-17  1184.5  1184
   770.0   6.665E+05  3.773E+03  3.267E+01  1.986E-17  1184.5  1184
   775.0   6.256E+05  3.377E+03  2.878E+01  1.870E-17  1184.5  1184
   780.0   5.872E+05  3.022E+03  2.535E+01  1.762E-17  1184.5  1184
   785.0   5.512E+05  2.706E+03  2.234E+01  1.660E-17  1184.5  1184
   790.0   5.174E+05  2.422E+03  1.969E+01  1.564E-17  1184.5  1184
   795.0   4.858E+05  2.169E+03  1.735E+01  1.474E-17  1184.5  1184
   800.0   4.561E+05  1.943E+03  1.530E+01  1.390E-17  1184.5  1184
   805.0   4.283E+05  1.740E+03  1.349E+01  1.311E-17  1184.5  1184
   810.0   4.022E+05  1.559E+03  1.190E+01  1.237E-17  1184.5  1184
   815.0   3.777E+05  1.397E+03  1.049E+01  1.168E-17  1184.5  1184
   820.0   3.548E+05  1.252E+03  9.257E+00  1.102E-17  1184.5  1184
   825.0   3.333E+05  1.122E+03  8.168E+00  1.041E-17  1184.5  1184
   830.0   3.131E+05  1.006E+03  7.209E+00  9.834E-18  1184.5  1184
   835.0   2.941E+05  9.016E+02  6.363E+00  9.293E-18  1184.5  1184
   840.0   2.764E+05  8.084E+02  5.617E+00  8.784E-18  1184.5  1184
   845.0   2.597E+05  7.250E+02  4.960E+00  8.307E-18  1184.5  1184
   850.0   2.441E+05  6.503E+02  4.380E+00  7.858E-18  1184.5  1184
   855.0   2.294E+05  5.834E+02  3.869E+00  7.436E-18  1184.5  1184
   860.0   2.156E+05  5.234E+02  3.418E+00  7.039E-18  1184.5  1184
   865.0   2.026E+05  4.697E+02  3.020E+00  6.665E-18  1184.5  1184
   870.0   1.905E+05  4.216E+02  2.669E+00  6.314E-18  1184.5  1184
   875.0   1.791E+05  3.784E+02  2.359E+00  5.984E-18  1184.5  1184
   880.0   1.684E+05  3.397E+02  2.085E+00  5.673E-18  1184.5  1184
   885.0   1.583E+05  3.050E+02  1.844E+00  5.381E-18  1184.5  1184
   890.0   1.489E+05  2.739E+02  1.631E+00  5.106E-18  1184.5  1184
   895.0   1.400E+05  2.460E+02  1.442E+00  4.846E-18  1184.5  1184
   900.0   1.317E+05  2.210E+02  1.276E+00  4.602E-18  1184.5  1184
   905.0   1.239E+05  1.986E+02  1.129E+00  4.372E-18  1184.5  1184
   910.0   1.166E+05  1.784E+02  9.990E-01  4.156E-18  1184.5  1184
   915.0   1.097E+05  1.603E+02  8.842E-01  3.952E-18  1184.5  1184
   920.0   1.032E+05  1.441E+02  7.827E-01  3.759E-18  1184.5  1184
   925.0   9.708E+04  1.296E+02  6.930E-01  3.578E-18  1184.5  1184
   930.0   9.135E+04  1.165E+02  6.137E-01  3.407E-18  1184.5  1184
   935.0   8.597E+04  1.047E+02  5.435E-01  3.245E-18  1184.5  1184
   940.0   8.091E+04  9.420E+01  4.815E-01  3.093E-18  1184.5  1184
   945.0   7.616E+04  8.473E+01  4.266E-01  2.949E-18  1184.5  1184
   950.0   7.169E+04  7.623E+01  3.780E-01  2.814E-18  1184.5  1184
   955.0   6.749E+04  6.858E+01  3.350E-01  2.686E-18  1184.5  1184
   960.0   6.354E+04  6.172E+01  2.969E-01  2.565E-18  1184.5  1184
   965.0   5.983E+04  5.554E+01  2.633E-01  2.451E-18  1184.5  1184
   970.0   5.634E+04  5.000E+01  2.334E-01  2.343E-18  1184.5  1184
   975.0   5.306E+04  4.501E+01  2.070E-01  2.241E-18  1184.5  1184
   980.0   4.997E+04  4.053E+01  1.836E-01  2.145E-18  1184.5  1184
   985.0   4.706E+04  3.649E+01  1.629E-01  2.053E-18  1184.5  1184
   990.0   4.433E+04  3.287E+01  1.445E-01  1.967E-18  1184.5  1184
   995.0   4.176E+04  2.961E+01  1.283E-01  1.886E-18  1184.5  1184
  1000.0   3.934E+04  2.667E+01  1.138E-01  1.808E-18  1184.5  1184
