Data from JILA
O2

# Vibr    # Elct    # Othr    #Mom X     Mom Xfr data pairs
   7         7         3      0          66

mol wt        
31.9988       

B0   moment  keyr
1.78e-4  1.8     4

 O2_MOMXFR
scale
1.0

   0.0000E+00   3.5000E-01   1.0000E-03   3.5000E-01   2.0000E-03   3.6000E-01
   3.0000E-03   4.0000E-01   5.0000E-03   5.0000E-01   7.0000E-03   5.8000E-01
   8.5000E-03   6.4000E-01   1.0000E-02   7.0000E-01   1.5000E-02   8.7000E-01
   2.0000E-02   9.9000E-01   3.0000E-02   1.2400E+00   4.0000E-02   1.4400E+00
   5.0000E-02   1.6000E+00   7.0000E-02   2.1000E+00   1.0000E-01   2.5000E+00
   1.2000E-01   2.8000E+00   1.5000E-01   3.1000E+00   1.7000E-01   3.3000E+00
   2.0000E-01   3.6000E+00   2.5000E-01   4.1000E+00   3.0000E-01   4.5000E+00
   3.5000E-01   4.7000E+00   4.0000E-01   5.2000E+00   5.0000E-01   5.7000E+00
   7.0000E-01   6.1000E+00   1.0000E+00   7.2000E+00   1.2000E+00   7.9000E+00
   1.3000E+00   7.9000E+00   1.5000E+00   7.6000E+00   1.7000E+00   7.3000E+00
   1.9000E+00   6.9000E+00   2.1000E+00   6.6000E+00   2.2000E+00   6.5000E+00
   2.5000E+00   6.1000E+00   2.8000E+00   5.8000E+00   3.0000E+00   5.7000E+00
   3.3000E+00   5.5000E+00   3.6000E+00   5.4500E+00   4.0000E+00   5.5000E+00
   4.5000E+00   5.5500E+00   5.0000E+00   5.6000E+00   6.0000E+00   6.0000E+00
   7.0000E+00   6.6000E+00   8.0000E+00   7.1000E+00   1.0000E+01   8.0000E+00
   1.2000E+01   8.5000E+00   1.5000E+01   8.8000E+00   1.7000E+01   8.7000E+00
   2.0000E+01   8.6000E+00   2.5000E+01   8.2000E+00   3.0000E+01   8.0000E+00
   5.0000E+01   7.7000E+00   7.5000E+01   6.8000E+00   1.0000E+02   6.5000E+00
   150.0000        6.7000	200.0000        6.0000	300.0000        4.9000
   500.0000        3.6000	700.0000        2.9000	1000.0000        2.1200
   1500.0000        1.4800	2000.0000        1.1400	3000.0000        0.7900
   5000.0000        0.5100	7000.0000        0.3800	10000.0000        0.2800
  
 O2_ROEXC_0.02

    2.000000E-02        48        1.000000

   0.0000E+00   0.0000E+00   6.7000E-03   0.0000E+00   7.0000E-02   0.0000E+00
   8.0000E-02   5.4000E-03   1.0000E-01   0.0000E+00   2.0000E-01   0.0000E+00
   2.1000E-01   2.1600E-02   2.2000E-01   0.0000E+00   3.2000E-01   0.0000E+00
   3.3000E-01   3.8400E-02   3.5000E-01   0.0000E+00   4.4000E-01   0.0000E+00
   4.5000E-01   5.4000E-02   4.7000E-01   0.0000E+00   5.6000E-01   0.0000E+00
   5.7000E-01   6.7200E-02   5.9000E-01   0.0000E+00   6.8000E-01   0.0000E+00
   6.9000E-01   8.0400E-02   7.1000E-01   0.0000E+00   7.9000E-01   0.0000E+00
   8.0000E-01   9.3600E-02   8.1000E-01   0.0000E+00   9.0000E-01   0.0000E+00
   9.1000E-01   8.4000E-02   9.3000E-01   0.0000E+00   1.0200E+00   0.0000E+00
   1.0300E+00   7.2000E-02   1.0500E+00   0.0000E+00   1.1300E+00   0.0000E+00
   1.1400E+00   4.6800E-02   1.1600E+00   0.0000E+00   1.2300E+00   0.0000E+00
   1.2400E+00   6.0000E-02   1.2600E+00   0.0000E+00   1.3400E+00   0.0000E+00
   1.3500E+00   3.6000E-02   1.3700E+00   0.0000E+00   1.4400E+00   0.0000E+00
   1.4500E+00   2.4000E-02   1.4700E+00   0.0000E+00   1.5400E+00   0.0000E+00
   1.5500E+00   1.2000E-02   1.5700E+00   0.0000E+00   1.6400E+00   0.0000E+00
   1.6500E+00   4.8000E-03   1.6700E+00   0.0000E+00   1.0000E+02   0.0000E+00

 O2_VIBEXC_0.19

    1.900000E-01        48        1.000000

   0.0000E+00   0.0000E+00   1.9000E-01   0.0000E+00   2.0000E-01   1.0000E-03
   2.1000E-01   1.0000E-03   2.3000E-01   0.0000E+00   3.2000E-01   0.0000E+00
   3.3000E-01   4.1500E-01   3.5000E-01   0.0000E+00   4.4000E-01   0.0000E+00
   4.5000E-01   1.3500E+00   4.7000E-01   0.0000E+00   5.6000E-01   0.0000E+00
   5.7000E-01   1.8500E+00   5.9000E-01   0.0000E+00   6.8000E-01   0.0000E+00
   6.9000E-01   1.6500E+00   7.1000E-01   0.0000E+00   7.9000E-01   0.0000E+00
   8.0000E-01   1.0000E+00   8.2000E-01   0.0000E+00   9.0000E-01   0.0000E+00
   9.1000E-01   6.0000E-01   9.3000E-01   0.0000E+00   1.0200E+00   0.0000E+00
   1.0300E+00   2.8500E-01   1.0500E+00   0.0000E+00   1.1300E+00   0.0000E+00
   1.1400E+00   1.1250E-01   1.1600E+00   0.0000E+00   1.2300E+00   0.0000E+00
   1.2400E+00   4.7500E-02   1.2600E+00   0.0000E+00   1.3400E+00   0.0000E+00
   1.3500E+00   1.6500E-02   1.3700E+00   0.0000E+00   1.4400E+00   0.0000E+00
   1.4500E+00   5.5000E-03   1.4700E+00   0.0000E+00   1.5400E+00   0.0000E+00
   1.5500E+00   1.9000E-03   1.5700E+00   0.0000E+00   1.6300E+00   0.0000E+00
   1.6500E+00   6.0000E-04   1.6700E+00   0.0000E+00   3.5000E+00   0.0000E+00
   4.0000E+00   0.0000E+00   5.0000E+00   0.0000E+00   1.0000E+03   0.0000E+00

 O2_VIBEXC_0.19R

    1.900000E-01        16        1.000000

   0.0000E+00   0.0000E+00   4.0000E+00   0.0000E+00   5.0000E+00   4.2000E-02
   6.0000E+00   1.0000E-01   7.0000E+00   1.7600E-01   8.0000E+00   2.3100E-01
   9.0000E+00   2.4700E-01   1.0000E+01   2.3400E-01   1.1000E+01   1.8600E-01
   1.2000E+01   1.4300E-01   1.3000E+01   1.0200E-01   1.4000E+01   7.1000E-02
   1.5000E+01   4.0000E-02   2.0000E+01   1.0000E-02   4.5000E+01   0.0000E+00
   1.0000E+03   0.0000E+00

 O2_VIBEXC_0.38

    3.800000E-01        42        1.000000

   0.0000E+00   0.0000E+00   3.8000E-01   0.0000E+00   4.4000E-01   0.0000E+00
   4.5000E-01   0.0000E+00   4.7000E-01   0.0000E+00   5.6000E-01   0.0000E+00
   5.7000E-01   1.4000E-01   5.9000E-01   0.0000E+00   6.8000E-01   0.0000E+00
   6.9000E-01   4.1500E-01   7.1000E-01   0.0000E+00   7.9000E-01   0.0000E+00
   8.0000E-01   5.3500E-01   8.2000E-01   0.0000E+00   9.0000E-01   0.0000E+00
   9.1000E-01   4.6500E-01   9.3000E-01   0.0000E+00   1.0200E+00   0.0000E+00
   1.0300E+00   3.1500E-01   1.0500E+00   0.0000E+00   1.1300E+00   0.0000E+00
   1.1400E+00   2.0000E-01   1.1600E+00   0.0000E+00   1.2300E+00   0.0000E+00
   1.2400E+00   9.5000E-02   1.2600E+00   0.0000E+00   1.3400E+00   0.0000E+00
   1.3500E+00   4.0000E-02   1.3700E+00   0.0000E+00   1.4400E+00   0.0000E+00
   1.4500E+00   1.8500E-02   1.4700E+00   0.0000E+00   1.5400E+00   0.0000E+00
   1.5500E+00   8.5000E-03   1.5700E+00   0.0000E+00   1.6300E+00   0.0000E+00
   1.6500E+00   3.4000E-03   1.6700E+00   0.0000E+00   3.5000E+00   0.0000E+00
   4.0000E+00   0.0000E+00   5.0000E+00   0.0000E+00   1.0000E+03   0.0000E+00

 O2_VIBEXC_0.38R

    3.800000E-01        16        1.000000

   0.0000E+00   0.0000E+00   4.0000E+00   0.0000E+00   5.0000E+00   2.8000E-02
   6.0000E+00   4.0000E-02   7.0000E+00   7.3000E-02   8.0000E+00   9.4000E-02
   9.0000E+00   1.1000E-01   1.0000E+01   1.0900E-01   1.1000E+01   9.3000E-02
   1.2000E+01   7.3000E-02   1.3000E+01   5.1000E-02   1.4000E+01   2.8000E-02
   1.5000E+01   1.3000E-02   2.0000E+01   5.0000E-03   4.5000E+01   0.0000E+00
   1.0000E+03   0.0000E+00

 O2_VIBEXC_0.57

    5.700000E-01        47        1.000000

   0.0000E+00   0.0000E+00   5.7000E-01   0.0000E+00   6.8000E-01   0.0000E+00
   6.9000E-01   3.7000E-03   7.1000E-01   0.0000E+00   7.9000E-01   0.0000E+00
   8.0000E-01   2.1500E-02   8.2000E-01   0.0000E+00   9.0000E-01   0.0000E+00
   9.1000E-01   9.0000E-02   9.3000E-01   0.0000E+00   1.0200E+00   0.0000E+00
   1.0300E+00   1.2000E-01   1.0500E+00   0.0000E+00   1.1300E+00   0.0000E+00
   1.1400E+00   1.1500E-01   1.1600E+00   0.0000E+00   1.2300E+00   0.0000E+00
   1.2400E+00   9.5000E-02   1.2600E+00   0.0000E+00   1.3400E+00   0.0000E+00
   1.3500E+00   5.5000E-02   1.3700E+00   0.0000E+00   1.4400E+00   0.0000E+00
   1.4500E+00   3.0000E-02   1.4700E+00   0.0000E+00   1.5400E+00   0.0000E+00
   1.5500E+00   1.6500E-02   1.5700E+00   0.0000E+00   1.6300E+00   0.0000E+00
   1.6500E+00   8.0000E-03   1.6700E+00   0.0000E+00   3.5000E+00   0.0000E+00
   4.0000E+00   0.0000E+00   5.0000E+00   0.0000E+00   6.0000E+00   1.2500E-02
   7.0000E+00   3.6300E-02   8.0000E+00   5.8800E-02   9.0000E+00   7.5000E-02
   1.0000E+01   6.7500E-02   1.1000E+01   5.6300E-02   1.2000E+01   4.7500E-02
   1.3000E+01   3.0000E-02   1.4000E+01   1.7500E-02   1.5000E+01   8.8000E-03
   2.0000E+01   0.0000E+00   1.0000E+03   0.0000E+00

 O2_VIBEXC_0.75

    7.500000E-01        40        1.000000

   0.0000E+00   0.0000E+00   7.5000E-01   0.0000E+00   7.9000E-01   0.0000E+00
   8.0000E-01   1.5000E-03   8.2000E-01   0.0000E+00   9.0000E-01   0.0000E+00
   9.1000E-01   5.5000E-03   9.3000E-01   0.0000E+00   1.0200E+00   0.0000E+00
   1.0300E+00   3.0000E-04   1.0500E+00   0.0000E+00   1.1300E+00   0.0000E+00
   1.1400E+00   1.6500E-02   1.1600E+00   0.0000E+00   1.2300E+00   0.0000E+00
   1.2400E+00   3.1500E-02   1.2600E+00   0.0000E+00   1.3400E+00   0.0000E+00
   1.3500E+00   3.3500E-02   1.3700E+00   0.0000E+00   1.4400E+00   0.0000E+00
   1.4500E+00   2.8500E-02   1.4700E+00   0.0000E+00   1.5400E+00   0.0000E+00
   1.5500E+00   2.1500E-02   1.5700E+00   0.0000E+00   1.6300E+00   0.0000E+00
   1.6500E+00   1.6500E-02   1.6700E+00   0.0000E+00   6.0000E+00   0.0000E+00
   7.0000E+00   2.7500E-02   8.0000E+00   3.5000E-02   9.0000E+00   4.1300E-02
   1.0000E+01   4.6200E-02   1.1000E+01   3.1300E-02   1.2000E+01   2.5000E-02
   1.3000E+01   1.7500E-02   1.4000E+01   8.8000E-03   1.5000E+01   0.0000E+00
   1.0000E+03   0.0000E+00

 O2_EXC_0.977      a[1]delta

    9.770000E-01        0.000000          27        1.000000

   0.0000E+00   0.0000E+00   9.7700E-01   0.0000E+00   1.5000E+00   5.8000E-03
   2.0000E+00   1.5300E-02   3.0000E+00   3.8000E-02   3.5000E+00   4.9000E-02
   4.0000E+00   5.7000E-02   5.0000E+00   7.4000E-02   5.6200E+00   8.2500E-02
   5.9100E+00   8.6200E-02   6.1900E+00   8.8800E-02   6.5300E+00   9.0800E-02
   6.9900E+00   9.1400E-02   7.6100E+00   8.9100E-02   7.8900E+00   8.6300E-02
   8.9600E+00   7.6800E-02   1.0040E+01   6.7900E-02   1.3000E+01   5.2700E-02
   1.5100E+01   4.5500E-02   1.7500E+01   3.8700E-02   2.0500E+01   3.2400E-02
   2.4900E+01   2.5600E-02   3.0900E+01   1.9600E-02   4.1000E+01   1.3700E-02
   4.5000E+01   1.2000E-02   1.0000E+02   0.0000E+00   1.0000E+03   0.0000E+00

 O2_EXC_1.627      B[1]sigma

        1.627000        0.000000          26        1.000000

   0.0000E+00   0.0000E+00   1.6270E+00   0.0000E+00   2.0000E+00   2.6000E-03
   3.0000E+00   9.7000E-03   3.5000E+00   1.3300E-02   4.0000E+00   1.4900E-02
   5.0000E+00   1.8200E-02   5.6900E+00   1.9400E-02   6.5400E+00   1.9400E-02
   7.3400E+00   1.9100E-02   8.4100E+00   1.8300E-02   9.2600E+00   1.7400E-02
   1.0000E+01   1.6000E-02   1.3000E+01   1.3000E-02   1.4900E+01   1.3000E-02
   1.7000E+01   1.3000E-02   1.9400E+01   1.2500E-02   2.0700E+01   1.2500E-02
   2.2500E+01   1.1000E-02   2.4000E+01   1.0000E-02   2.8000E+01   8.0000E-03
   3.5100E+01   6.3000E-03   4.1900E+01   1.8000E-03   4.5100E+01   0.5000E-03
   1.0000E+02   0.0000E+00   1.0000E+03   0.0000E+00

 O2_EXC_4.5

        4.500000        0.000000          15        1.000000

   0.0000E+00   0.0000E+00   4.5000E+00   0.0000E+00   4.8000E+00   3.0000E-03
   5.0000E+00   9.0000E-03   5.5000E+00   3.0000E-02   6.0000E+00   6.5000E-02
   6.5000E+00   8.5000E-02   7.0000E+00   9.5000E-02   7.5000E+00   1.0000E-01
   8.0000E+00   1.0000E-01   9.0000E+00   8.5000E-02   1.0000E+01   7.0000E-02
   1.2000E+01   4.5000E-02   1.5000E+01   0.0000E+00   1.0000E+03   0.0000E+00

 O2_EXC_6.0

        6.000000        0.000000          13        1.000000

   0.0000E+00   0.0000E+00   6.0000E+00   0.0000E+00   7.0000E+00   1.5000E-01
   7.8000E+00   2.3000E-01   9.0000E+00   2.3000E-01   1.0000E+01   2.1000E-01
   1.2000E+01   1.6500E-01   1.5000E+01   1.0500E-01   1.7000E+01   6.5000E-02
   2.0000E+01   4.7500E-02   4.5000E+01   1.9000E-02   1.0000E+02   0.0000E+00
   1.0000E+03   0.0000E+00

 O2_EXC_8.4

        8.400000        0.000000           6        1.000000

   0.0000E+00   0.0000E+00   8.4000E+00   0.0000E+00   9.4000E+00   1.0000E+00
   3.0000E+01   0.9000E+00   5.0000E+01   0.7000E+00   1.0000E+02   5.4000E-01

 O2_EXC_9.97

       10.000000        0.000000          10        1.000000

   0.0000E+00   0.0000E+00   1.0000E+01   0.0000E+00   2.0000E+01   1.3000E-02
   3.0000E+01   2.6000E-02   4.0000E+01   4.0000E-02   5.0000E+01   5.0000E-02
   6.0000E+01   6.0000E-02   7.0000E+01   6.5000E-02   8.0000E+01   7.0000E-02
   1.0000E+03   7.0000E-02

 O2_DISEXC_14.7

       14.700000        0.000000          10        1.000000

   0.0000E+00   0.0000E+00   1.4700E+01   0.0000E+00   2.0000E+01   8.5000E-03
   2.5000E+01   1.6000E-02   3.0000E+01   2.2500E-02   4.0000E+01   2.8000E-02
   6.0000E+01   3.7000E-02   7.0000E+01   3.8000E-02   8.0000E+01   3.9000E-02
   1.0000E+02   3.8000E-02

 O2_ION

       12.060000        2.000000          24        1.000000
  
  0.0000        0.0000       12.0600      0.0000       13.0000      0.0230     
 18.0000        0.2000       28.0000      0.7400       38.0000      1.3200     
 48.0000        1.8000       58.0000      2.1000       68.0000      2.3300
 78.0000        2.5000       88.0000      2.6000      100.0000      2.7000
 150.0000       2.7000      200.0000      2.5000      300.0000      2.1700
 500.0000       1.6600      700.0000      1.3500     1000.0000      1.0400
1500.0000       0.7600     2000.0000      0.6000     3000.0000      0.4200
5000.0000       0.2700     7000.0000      0.2000    10000.0000      0.1400

 O2_ATT_3          Three body attachment (energy loss taken to be kT @ 300K)

    0.025000E+00       -1.000000          36        1.000000

   0.0000E+00   0.0000E+00   5.8000E-02   0.0000E+00   7.3000E-02   5.6000E-05
   8.3000E-02   1.8000E-04   8.9000E-02   4.2000E-05   9.5000E-02   8.4000E-05
   1.0300E-01   1.8000E-04   1.0900E-01   0.0000E+00   1.5000E-01   0.0000E+00
   1.7000E-01   0.0000E+00   2.0000E-01   0.0000E+00   2.1000E-01   3.5600E-05
   2.3000E-01   0.0000E+00   3.2000E-01   0.0000E+00   3.3000E-01   2.3000E-05
   3.5000E-01   0.0000E+00   4.4000E-01   0.0000E+00   4.5000E-01   1.4500E-05
   4.7000E-01   0.0000E+00   5.6000E-01   0.0000E+00   5.7000E-01   1.1000E-05
   5.9000E-01   0.0000E+00   6.8000E-01   0.0000E+00   6.9000E-01   8.0000E-06
   7.1000E-01   0.0000E+00   7.9000E-01   0.0000E+00   8.0000E-01   7.0000E-06
   8.2000E-01   0.0000E+00   9.0000E-01   0.0000E+00   9.1000E-01   5.5000E-06
   9.3000E-01   0.0000E+00   1.0200E+00   0.0000E+00   1.0300E+00   4.2000E-06
   1.0500E+00   0.0000E+00   1.5000E+00   0.0000E+00   1.0000E+02   0.0000E+00

 O2_ATT_2          Two body attachment (energy loss taken to be kT @ 300K)

    0.025000E+00       -1.000000          21        1.000000

   0.0000E+00   0.0000E+00   4.4000E+00   0.0000E+00   4.9000E+00   0.0000E+00
   5.3800E+00   2.3000E-03   5.8600E+00   7.2000E-03   6.1000E+00   1.0800E-02
   6.4800E+00   1.3800E-02   6.7700E+00   1.5200E-02   7.0500E+00   1.5600E-02
   7.3000E+00   1.4800E-02   7.5300E+00   1.3100E-02   7.7700E+00   1.1000E-02
   8.0000E+00   8.4000E-03   8.2500E+00   5.4000E-03   8.7300E+00   2.8000E-03
   9.2000E+00   1.4000E-03   9.6800E+00   8.0000E-04   1.0150E+01   8.0000E-04
   1.1350E+01   8.0000E-04   1.2350E+01   0.0000E+00   1.0000E+02   0.0000E+00

