% Winter nighttime ionosphere electron density at HAARP location
% ---------------------------------------------------------------------------
% Created on 2006-06-09
% International Reference Ionosphere - IRI-2001
% http://modelweb.gsfc.nasa.gov/models/iri.html
% LOCAL TIME IS USED
% ---------------------------------------------------------------------------
% ModelWeb Browser Results
% iri model listing
% Input parameters
% year= 2000., month= 01, day= 01, hour=2.,
% latitude= 62.39, longitude= 214.85, height= 100.
% Prof. parameters: start= 60. stop= 101. step= 1.
% 
% URSI maps are used for the F2 peak density (NmF2)
% CCIR maps are used for the F2 peak height (hmF2)
% B0-Table option is used for the bottomside thickness parameter B0
% Danilov- option is used for the ion composition
% The foF2 STORM model is turned on 
% IRI-95    option is used for the electron temperature
% IRI-95   option is used for the D-region Ne
% Scotto-97 no L   option is used for the F1 occurrence probability
% Peak Densities/cm-3: NmF2= 155844.4   NmF1=      0.0   NmE=   3295.9
% Peak Heights/km:     hmF2=   345.64   hmF1=     0.00   hmE=   110.00
% 
% Solar Zenith Angle/degree                             136.0
% Dip (Magnetic Inclination)/degree                     75.61
% Modip (Modified Dip)/degree                           62.71
% Solar Sunspot Number (12-months running mean) Rz12    112.1
% Ionospheric-Effective Solar Index IG12                126.4
% ---------------------------------------------------------------------------
% A value of -1 indicates that the parameter is not available
% for the specified range
% TEC=-1, means you have not entered an upper boundary height in the
% OPTIONAL INPUT section.
% ---------------------------------------------------------------------------
%  H   ELECTRON DENSITY   TEMPERATURES         ION PERCENTAGES/%     1E16m-2
%  km  Ne/cm-3 Ne/NmF2 Tn/K  Ti/K  Te/K  O+  N+  H+ He+ O2+ NO+ Clust TEC t/%
  60.0      -1 -1.000    -1    -1    -1  -1  -1  -1  -1  -1  -1  -1  -1.0  -1
  61.0      -1 -1.000    -1    -1    -1  -1  -1  -1  -1  -1  -1  -1  -1.0  -1
  62.0      -1 -1.000    -1    -1    -1  -1  -1  -1  -1  -1  -1  -1  -1.0  -1
  63.0      -1 -1.000    -1    -1    -1  -1  -1  -1  -1  -1  -1  -1  -1.0  -1
  64.0      -1 -1.000    -1    -1    -1  -1  -1  -1  -1  -1  -1  -1  -1.0  -1
  65.0      -1 -1.000    -1    -1    -1  -1  -1  -1  -1  -1  -1  -1  -1.0  -1
  66.0      -1 -1.000    -1    -1    -1  -1  -1  -1  -1  -1  -1  -1  -1.0  -1
  67.0      -1 -1.000    -1    -1    -1  -1  -1  -1  -1  -1  -1  -1  -1.0  -1
  68.0      -1 -1.000    -1    -1    -1  -1  -1  -1  -1  -1  -1  -1  -1.0  -1
  69.0      -1 -1.000    -1    -1    -1  -1  -1  -1  -1  -1  -1  -1  -1.0  -1
  70.0      -1 -1.000    -1    -1    -1  -1  -1  -1  -1  -1  -1  -1  -1.0  -1
  71.0      -1 -1.000    -1    -1    -1  -1  -1  -1  -1  -1  -1  -1  -1.0  -1
  72.0      -1 -1.000    -1    -1    -1  -1  -1  -1  -1  -1  -1  -1  -1.0  -1
  73.0      -1 -1.000    -1    -1    -1  -1  -1  -1  -1  -1  -1  -1  -1.0  -1
  74.0      -1 -1.000    -1    -1    -1  -1  -1  -1  -1  -1  -1  -1  -1.0  -1
  75.0      -1 -1.000    -1    -1    -1   0   0   0   0   2   6  92  -1.0  -1
  76.0      -1 -1.000    -1    -1    -1   0   0   0   0   3   9  89  -1.0  -1
  77.0      -1 -1.000    -1    -1    -1   0   0   0   0   4  11  85  -1.0  -1
  78.0      -1 -1.000    -1    -1    -1   0   0   0   0   4  14  82  -1.0  -1
  79.0      -1 -1.000    -1    -1    -1   0   0   0   0   5  16  78  -1.0  -1
  80.0       0  0.000    -1    -1    -1   0   0   0   0   6  19  75  -1.0  -1
  81.0       4  0.000    -1    -1    -1   0   0   0   0   8  24  68  -1.0  -1
  82.0      21  0.000    -1    -1    -1   0   0   0   0  10  29  61  -1.0  -1
  83.0      66  0.000    -1    -1    -1   0   0   0   0  13  33  54  -1.0  -1
  84.0     148  0.001    -1    -1    -1   0   0   0   0  15  38  47  -1.0  -1
  85.0     246  0.002    -1    -1    -1   0   0   0   0  17  43  40  -1.0  -1
  86.0     327  0.002    -1    -1    -1   0   0   0   0  18  48  34  -1.0  -1
  87.0     376  0.002    -1    -1    -1   0   0   0   0  19  53  28  -1.0  -1
  88.0     400  0.003    -1    -1    -1   0   0   0   0  21  57  22  -1.0  -1
  89.0     424  0.003    -1    -1    -1   0   0   0   0  22  62  16  -1.0  -1
  90.0     472  0.003    -1    -1    -1   0   0   0   0  23  67  10  -1.0  -1
  91.0     583  0.004    -1    -1    -1   0   0   0   0  22  69   9  -1.0  -1
  92.0     842  0.005    -1    -1    -1   0   0   0   0  20  72   8  -1.0  -1
  93.0    1264  0.008    -1    -1    -1   0   0   0   0  19  74   7  -1.0  -1
  94.0    1624  0.010    -1    -1    -1   0   0   0   0  17  77   6  -1.0  -1
  95.0    1974  0.013    -1    -1    -1   0   0   0   0  16  79   5  -1.0  -1
  96.0    2293  0.015    -1    -1    -1   0   0   0   0  15  81   4  -1.0  -1
  97.0    2565  0.016    -1    -1    -1   0   0   0   0  13  84   3  -1.0  -1
  98.0    2786  0.018    -1    -1    -1   0   0   0   0  12  86   2  -1.0  -1
  99.0    2956  0.019    -1    -1    -1   0   0   0   0  10  89   1  -1.0  -1
 100.0    3081  0.020    -1    -1    -1   0   0   0   0   9  91   0  -1.0  -1
 101.0    3167  0.020    -1    -1    -1   0   0   0   0  10  90   0  -1.0  -1
 102.0    3224  0.021    -1    -1    -1   0   0   0   0  12  88   0  -1.0  -1
 103.0    3259  0.021    -1    -1    -1   0   0   0   0  13  87   0  -1.0  -1
 104.0    3279  0.021    -1    -1    -1   0   0   0   0  14  86   0  -1.0  -1
 105.0    3289  0.021    -1    -1    -1   0   0   0   0  16  84   0  -1.0  -1
 106.0    3294  0.021    -1    -1    -1   0   0   0   0  17  83   0  -1.0  -1
 107.0    3295  0.021    -1    -1    -1   0   0   0   0  18  82   0  -1.0  -1
 108.0    3296  0.021    -1    -1    -1   0   0   0   0  20  80   0  -1.0  -1
 109.0    3296  0.021    -1    -1    -1   0   0   0   0  21  79   0  -1.0  -1
 110.0    3296  0.021    -1    -1    -1   0   0   0   0  23  78   0  -1.0  -1
 111.0    3264  0.021    -1    -1    -1   0   0   0   0  24  76   0  -1.0  -1
 112.0    3175  0.020    -1    -1    -1   0   0   0   0  25  75   0  -1.0  -1
 113.0    3041  0.020    -1    -1    -1   0   0   0   0  27  73   0  -1.0  -1
 114.0    2876  0.018    -1    -1    -1   0   0   0   0  28  72   0  -1.0  -1
 115.0    2690  0.017    -1    -1    -1   0   0   0   0  29  71   0  -1.0  -1
 116.0    2495  0.016    -1    -1    -1   0   0   0   0  31  69   0  -1.0  -1
 117.0    2297  0.015    -1    -1    -1   0   0   0   0  32  68   0  -1.0  -1
 118.0    2105  0.014    -1    -1    -1   0   0   0   0  33  67   0  -1.0  -1
 119.0    1922  0.012    -1    -1    -1   0   0   0   0  35  65   0  -1.0  -1
 120.0    1751  0.011   372   372   372   0   0   0   0  36  64   0  -1.0  -1
 121.0    1594  0.010   386   386   386   0   0   0   0  36  64   0  -1.0  -1
 122.0    1452  0.009   400   400   400   0   0   0   0  35  65   0  -1.0  -1
 123.0    1325  0.009   413   413   413   0   0   0   0  35  65   0  -1.0  -1
 124.0    1212  0.008   425   425   425   0   0   0   0  34  66   0  -1.0  -1
 125.0    1113  0.007   438   438   438   0   0   0   0  34  66   0  -1.0  -1
 126.0    1026  0.007   450   450   450   0   0   0   0  34  66   0  -1.0  -1
 127.0     950  0.006   462   462   462   0   0   0   0  33  67   0  -1.0  -1
 128.0     885  0.006   473   473   473   0   0   0   0  33  67   0  -1.0  -1
 129.0     830  0.005   484   484   484   0   0   0   0  32  68   0  -1.0  -1
 130.0     782  0.005   495   495   495   0   0   0   0  32  68   0  -1.0  -1
 131.0     743  0.005   505   505   505   0   0   0   0  33  67   0  -1.0  -1
 132.0     710  0.005   515   515   515   0   0   0   0  34  66   0  -1.0  -1
 133.0     683  0.004   525   525   525   0   0   0   0  34  66   0  -1.0  -1
 134.0     662  0.004   534   534   534   0   0   0   0  35  65   0  -1.0  -1
 135.0     647  0.004   544   544   544   0   0   0   0  36  64   0  -1.0  -1
 136.0     636  0.004   553   553   553   0   0   0   0  37  63   0  -1.0  -1
 137.0     630  0.004   561   561   561   0   0   0   0  38  62   0  -1.0  -1
 138.0     628  0.004   570   570   570   0   0   0   0  38  62   0  -1.0  -1
 139.0     630  0.004   578   578   578   0   0   0   0  39  61   0  -1.0  -1
 140.0     636  0.004   586   586   586   0   0   0   0  40  60   0  -1.0  -1
 141.0     646  0.004   594   594   594   0   0   0   0  40  60   0  -1.0  -1
 142.0     660  0.004   601   601   601   0   0   0   0  40  60   0  -1.0  -1
 143.0     677  0.004   609   609   609   0   0   0   0  40  60   0  -1.0  -1
 144.0     699  0.004   616   616   618   1   0   0   0  40  60   0  -1.0  -1
 145.0     724  0.005   623   623   627   1   0   0   0  40  60   0  -1.0  -1
 146.0     754  0.005   629   629   636   1   0   0   0  40  59   0  -1.0  -1
 147.0     788  0.005   636   636   645   1   0   0   0  40  59   0  -1.0  -1
 148.0     825  0.005   642   642   653   1   0   0   0  40  59   0  -1.0  -1
 149.0     867  0.006   648   648   661   1   0   0   0  40  59   0  -1.0  -1
 150.0     913  0.006   654   654   668   2   0   0   0  40  59   0  -1.0  -1
 151.0     963  0.006   660   660   675   2   0   0   0  39  59   0  -1.0  -1
 152.0    1017  0.007   666   666   682   2   0   0   0  39  59   0  -1.0  -1
 153.0    1076  0.007   671   671   689   2   0   0   0  39  59   0  -1.0  -1
 154.0    1138  0.007   677   677   695   2   0   0   0  39  59   0  -1.0  -1
 155.0    1204  0.008   682   682   701   2   0   0   0  39  59   0  -1.0  -1
 156.0    1274  0.008   687   687   706   2   0   0   0  39  58   0  -1.0  -1
 157.0    1346  0.009   692   692   712   3   0   0   0  39  58   0  -1.0  -1
 158.0    1422  0.009   697   697   717   3   0   0   0  39  58   0  -1.0  -1
 159.0    1500  0.010   701   701   722   3   0   0   0  39  58   0  -1.0  -1
 160.0    1581  0.010   706   706   727   3   0   0   0  39  58   0  -1.0  -1
 161.0    1663  0.011   710   710   732   5   0   0   0  39  56   0  -1.0  -1
 162.0    1747  0.011   714   714   736   7   0   0   0  38  55   0  -1.0  -1
 163.0    1832  0.012   718   718   741   9   0   0   0  38  53   0  -1.0  -1
 164.0    1917  0.012   722   722   745  11   0   0   0  37  52   0  -1.0  -1
 165.0    2004  0.013   726   726   749  13   0   0   0  37  50   0  -1.0  -1
 166.0    2092  0.013   730   730   754  15   0   0   0  36  49   0  -1.0  -1
 167.0    2181  0.014   734   734   758  17   0   0   0  36  47   0  -1.0  -1
 168.0    2272  0.015   737   737   762  20   0   0   0  35  45   0  -1.0  -1
 169.0    2366  0.015   741   741   766  22   0   0   0  35  44   0  -1.0  -1
 170.0    2463  0.016   744   744   770  24   0   0   0  34  42   0  -1.0  -1
 171.0    2566  0.016   747   747   774  26   0   0   0  34  41   0  -1.0  -1
 172.0    2676  0.017   751   751   779  28   0   0   0  33  39   0  -1.0  -1
 173.0    2797  0.018   754   754   783  30   0   0   0  33  38   0  -1.0  -1
 174.0    2932  0.019   757   757   787  32   0   0   0  32  36   0  -1.0  -1
 175.0    3085  0.020   760   760   791  34   0   0   0  32  35   0  -1.0  -1
 176.0    3263  0.021   762   762   795  36   0   0   0  31  33   0  -1.0  -1
 177.0    3328  0.021   765   765   799  38   0   0   0  31  31   0  -1.0  -1
 178.0    3367  0.022   768   768   803  40   0   0   0  30  30   0  -1.0  -1
 179.0    3407  0.022   771   771   807  42   0   0   0  30  28   0  -1.0  -1
 180.0    3448  0.022   773   773   811  44   0   0   0  29  27   0  -1.0  -1
 181.0    3490  0.022   775   775   815  47   0   0   0  28  25   0  -1.0  -1
 182.0    3532  0.023   778   778   819  50   0   0   0  26  24   0  -1.0  -1
 183.0    3575  0.023   780   780   823  53   0   0   0  25  22   0  -1.0  -1
 184.0    3619  0.023   782   782   827  56   0   0   0  23  20   0  -1.0  -1
 185.0    3663  0.024   785   785   831  59   0   0   0  22  19   0  -1.0  -1
 186.0    3709  0.024   787   787   835  62   0   0   0  21  17   0  -1.0  -1
 187.0    3755  0.024   789   789   839  65   0   0   0  19  16   0  -1.0  -1
 188.0    3802  0.024   791   791   843  68   0   0   0  18  14   0  -1.0  -1
 189.0    3850  0.025   793   793   847  71   0   0   0  16  13   0  -1.0  -1
 190.0    3899  0.025   795   795   851  74   0   0   0  15  11   0  -1.0  -1
 191.0    3949  0.025   797   797   855  75   0   0   0  14  12   0  -1.0  -1
 192.0    4000  0.026   798   798   859  75   0   0   0  12  13   0  -1.0  -1
 193.0    4052  0.026   800   800   863  76   0   0   0  11  14   0  -1.0  -1
 194.0    4106  0.026   802   802   867  76   0   0   0   9  15   0  -1.0  -1
 195.0    4160  0.027   803   803   871  77   0   0   0   8  16   0  -1.0  -1
 196.0    4215  0.027   805   805   875  77   0   0   0   7  16   0  -1.0  -1
 197.0    4272  0.027   807   807   879  78   0   0   0   5  17   0  -1.0  -1
 198.0    4330  0.028   808   808   883  78   0   0   0   4  18   0  -1.0  -1
 199.0    4389  0.028   810   810   887  79   0   0   0   2  19   0  -1.0  -1
 200.0    4450  0.029   811   811   891  79   0   0   0   1  20   0  -1.0  -1
 201.0    4512  0.029   812   814   895  79   0   0   0   1  20   0  -1.0  -1
 202.0    4575  0.029   814   816   899  80   0   0   0   1  19   0  -1.0  -1
 203.0    4640  0.030   815   819   903  80   0   0   0   1  19   0  -1.0  -1
 204.0    4706  0.030   816   822   907  80   0   0   0   1  19   0  -1.0  -1
 205.0    4774  0.031   818   824   911  81   0   0   0   1  19   0  -1.0  -1
 206.0    4844  0.031   819   827   915  81   0   0   0   1  18   0  -1.0  -1
 207.0    4916  0.032   820   830   919  81   0   0   0   1  18   0  -1.0  -1
 208.0    4989  0.032   821   832   923  82   0   0   0   1  18   0  -1.0  -1
 209.0    5064  0.032   822   835   927  82   0   0   0   1  17   0  -1.0  -1
 210.0    5142  0.033   823   838   931  83   0   0   0   1  17   0  -1.0  -1
 211.0    5221  0.034   824   840   935  83   0   0   0   0  17   0  -1.0  -1
 212.0    5303  0.034   825   843   939  83   0   0   0   0  16   0  -1.0  -1
 213.0    5387  0.035   826   846   943  84   0   0   0   0  16   0  -1.0  -1
 214.0    5473  0.035   827   849   947  84   0   0   0   0  16   0  -1.0  -1
 215.0    5562  0.036   828   851   951  84   0   0   0   0  16   0  -1.0  -1
 216.0    5654  0.036   829   854   955  85   0   0   0   0  15   0  -1.0  -1
 217.0    5749  0.037   830   857   959  85   0   0   0   0  15   0  -1.0  -1
 218.0    5846  0.038   831   859   963  85   0   0   0   0  15   0  -1.0  -1
 219.0    5947  0.038   832   862   967  86   0   0   0   0  14   0  -1.0  -1
 220.0    6052  0.039   832   865   971  86   0   0   0   0  14   0  -1.0  -1
 221.0    6160  0.040   833   867   975  86   0   0   0   0  14   0  -1.0  -1
 222.0    6272  0.040   834   870   979  87   0   0   0   0  13   0  -1.0  -1
 223.0    6388  0.041   835   873   983  87   0   0   0   0  13   0  -1.0  -1
 224.0    6509  0.042   835   875   987  87   0   0   0   0  13   0  -1.0  -1
 225.0    6634  0.043   836   878   991  88   0   0   0   0  13   0  -1.0  -1
 226.0    6765  0.043   837   881   995  88   0   0   0   0  12   0  -1.0  -1
 227.0    6902  0.044   838   883   999  88   0   0   0   0  12   0  -1.0  -1
 228.0    7045  0.045   838   886  1003  88   0   0   0   0  12   0  -1.0  -1
 229.0    7195  0.046   839   889  1007  89   0   0   0   0  11   0  -1.0  -1
 230.0    7352  0.047   839   891  1011  89   0   0   0   0  11   0  -1.0  -1
 231.0    7517  0.048   840   894  1015  89   0   0   0   0  11   0  -1.0  -1
 232.0    7692  0.049   841   897  1019  90   0   0   0   0  10   0  -1.0  -1
 233.0    7878  0.051   841   899  1023  90   0   0   0   0  10   0  -1.0  -1
 234.0    8075  0.052   842   902  1027  90   0   0   0   0  10   0  -1.0  -1
 235.0    8286  0.053   842   905  1031  91   0   0   0   0  10   0  -1.0  -1
 236.0    8513  0.055   843   908  1035  91   0   0   0   0   9   0  -1.0  -1
 237.0    8759  0.056   843   910  1039  91   0   0   0   0   9   0  -1.0  -1
 238.0    9028  0.058   844   913  1043  91   0   0   0   0   9   0  -1.0  -1
 239.0    9324  0.060   844   916  1047  92   0   0   0   0   8   0  -1.0  -1
 240.0    9657  0.062   845   918  1051  92   0   0   0   0   8   0  -1.0  -1
 241.0   10039  0.064   845   921  1055  92   0   0   0   0   8   0  -1.0  -1
 242.0   10492  0.067   846   924  1059  93   0   0   0   0   7   0  -1.0  -1
 243.0   11061  0.071   846   926  1063  93   0   0   0   0   7   0  -1.0  -1
 244.0   11748  0.075   846   929  1067  93   0   0   0   0   7   0  -1.0  -1
 245.0   12469  0.080   847   932  1070  94   0   0   0   0   6   0  -1.0  -1
 246.0   13223  0.085   847   934  1074  94   0   0   0   0   6   0  -1.0  -1
 247.0   14012  0.090   848   937  1078  94   0   0   0   0   6   0  -1.0  -1
 248.0   14835  0.095   848   940  1082  94   0   0   0   0   6   0  -1.0  -1
 249.0   15695  0.101   848   942  1086  95   0   0   0   0   5   0  -1.0  -1
 250.0   16591  0.106   849   945  1090  95   0   0   0   0   5   0  -1.0  -1
 251.0   17524  0.112   849   948  1094  95   0   0   0   0   5   0  -1.0  -1
 252.0   18495  0.119   849   950  1098  95   0   0   0   0   5   0  -1.0  -1
 253.0   19504  0.125   850   953  1102  95   0   0   0   0   5   0  -1.0  -1
 254.0   20553  0.132   850   956  1106  96   0   0   0   0   4   0  -1.0  -1
 255.0   21641  0.139   850   958  1110  96   0   0   0   0   4   0  -1.0  -1
 256.0   22769  0.146   851   961  1114  96   0   0   0   0   4   0  -1.0  -1
 257.0   23937  0.154   851   964  1118  96   0   0   0   0   4   0  -1.0  -1
 258.0   25146  0.161   851   967  1122  96   0   0   0   0   4   0  -1.0  -1
 259.0   26396  0.169   851   969  1126  96   0   0   0   0   4   0  -1.0  -1
 260.0   27687  0.178   852   972  1130  97   0   0   0   0   4   0  -1.0  -1
 261.0   29020  0.186   852   975  1134  97   0   0   0   0   3   0  -1.0  -1
 262.0   30393  0.195   852   977  1138  97   0   0   0   0   3   0  -1.0  -1
 263.0   31808  0.204   852   980  1142  97   0   0   0   0   3   0  -1.0  -1
 264.0   33263  0.213   853   983  1146  97   0   0   0   0   3   0  -1.0  -1
 265.0   34760  0.223   853   985  1150  97   0   0   0   0   3   0  -1.0  -1
 266.0   36297  0.233   853   988  1154  97   0   0   0   0   3   0  -1.0  -1
 267.0   37874  0.243   853   991  1158  98   0   0   0   0   2   0  -1.0  -1
 268.0   39491  0.253   853   993  1162  98   0   0   0   0   2   0  -1.0  -1
 269.0   41147  0.264   854   996  1166  98   0   0   0   0   2   0  -1.0  -1
 270.0   42841  0.275   854   999  1170  98   0   0   0   0   2   0  -1.0  -1
 271.0   44573  0.286   854  1001  1174  98   0   0   0   0   2   0  -1.0  -1
 272.0   46342  0.297   854  1004  1178  98   0   0   0   0   2   0  -1.0  -1
 273.0   48147  0.309   854  1007  1182  98   0   0   0   0   2   0  -1.0  -1
 274.0   49987  0.321   855  1009  1186  98   0   0   0   0   2   0  -1.0  -1
 275.0   51861  0.333   855  1012  1190  98   0   0   0   0   2   0  -1.0  -1
 276.0   53767  0.345   855  1015  1194  98   0   0   0   0   2   0  -1.0  -1
 277.0   55704  0.357   855  1017  1198  98   0   0   0   0   2   0  -1.0  -1
 278.0   57672  0.370   855  1020  1202  98   0   0   0   0   2   0  -1.0  -1
 279.0   59668  0.383   855  1023  1206  98   0   0   0   0   2   0  -1.0  -1
 280.0   61690  0.396   856  1026  1210  99   0   0   0   0   2   0  -1.0  -1
 281.0   63738  0.409   856  1028  1214  99   0   0   0   0   1   0  -1.0  -1
 282.0   65809  0.422   856  1031  1218  99   0   0   0   0   1   0  -1.0  -1
 283.0   67902  0.436   856  1034  1222  99   0   0   0   0   1   0  -1.0  -1
 284.0   70015  0.449   856  1036  1226  99   0   0   0   0   1   0  -1.0  -1
 285.0   72146  0.463   856  1039  1230  99   0   0   0   0   1   0  -1.0  -1
 286.0   74292  0.477   856  1042  1234  99   0   0   0   0   1   0  -1.0  -1
 287.0   76452  0.491   857  1044  1238  99   0   0   0   0   1   0  -1.0  -1
 288.0   78623  0.504   857  1047  1242  99   0   0   0   0   1   0  -1.0  -1
 289.0   80804  0.518   857  1050  1246  99   0   0   0   0   1   0  -1.0  -1
 290.0   82992  0.533   857  1052  1250  99   0   0   0   0   1   0  -1.0  -1
 291.0   85184  0.547   857  1055  1254  99   0   0   0   0   1   0  -1.0  -1
 292.0   87379  0.561   857  1058  1258  99   0   0   0   0   1   0  -1.0  -1
 293.0   89574  0.575   857  1060  1262  99   0   0   0   0   1   0  -1.0  -1
 294.0   91767  0.589   857  1063  1265  99   0   0   0   0   1   0  -1.0  -1
 295.0   93955  0.603   857  1066  1269  99   0   0   0   0   1   0  -1.0  -1
 296.0   96135  0.617   857  1068  1273  99   0   0   0   0   1   0  -1.0  -1
 297.0   98306  0.631   858  1071  1277  99   0   0   0   0   1   0  -1.0  -1
 298.0  100465  0.645   858  1074  1281  99   0   0   0   0   1   0  -1.0  -1
 299.0  102609  0.658   858  1076  1285  99   0   0   0   0   1   0  -1.0  -1
 300.0  104736  0.672   858  1079  1288 100   0   0   0   0   1   0  -1.0  -1
 305.0  115033  0.738   858  1093  1307  94   1   5   0   0   0   0  -1.0  -1
 310.0  124554  0.799   859  1106  1324  94   1   5   0   0   0   0  -1.0  -1
 315.0  133043  0.854   859  1119  1342  93   1   5   0   0   0   0  -1.0  -1
 320.0  140296  0.900   859  1133  1359  93   1   5   0   0   0   0  -1.0  -1
 325.0  146172  0.938   859  1146  1377  93   1   6   0   0   0   0  -1.0  -1
 330.0  150604  0.966   860  1160  1394  92   2   6   0   0   0   0  -1.0  -1
 335.0  153610  0.986   860  1173  1411  92   2   6   0   0   0   0  -1.0  -1
 340.0  155288  0.996   860  1186  1429  91   2   7   0   0   0   0  -1.0  -1
 345.0  155839  1.000   860  1200  1446  91   2   7   0   0   0   0  -1.0  -1
 350.0  155798  1.000   860  1213  1463  90   2   7   0   0   0   0  -1.0  -1
 355.0  155624  0.999   860  1227  1481  90   2   8   0   0   0   0  -1.0  -1
 360.0  155324  0.997   860  1240  1498  89   2   8   0   0   0   0  -1.0  -1
 365.0  154899  0.994   860  1253  1515  89   3   8   0   0   0   0  -1.0  -1
 370.0  154352  0.990   861  1267  1532  88   3   9   0   0   0   0  -1.0  -1
 375.0  153685  0.986   861  1280  1549  88   3   9   0   0   0   0  -1.0  -1
 380.0  152902  0.981   861  1294  1565  87   3  10   0   0   0   0  -1.0  -1
 385.0  152007  0.975   861  1307  1581  86   3  10   0   0   0   0  -1.0  -1
 390.0  151006  0.969   861  1320  1597  86   3  10   0   0   0   0  -1.0  -1
 395.0  149901  0.962   861  1333  1611  85   3  11   1   0   0   0  -1.0  -1
 400.0  148699  0.954   861  1346  1625  84   4  11   1   0   0   0  -1.0  -1
 405.0  147406  0.946   861  1359  1637  84   4  12   1   0   0   0  -1.0  -1
 410.0  146027  0.937   861  1371  1649  83   4  12   1   0   0   0  -1.0  -1
 415.0  144568  0.928   861  1382  1660  82   4  13   1   0   0   0  -1.0  -1
 420.0  143035  0.918   861  1393  1670  82   4  14   1   0   0   0  -1.0  -1
 425.0  141435  0.908   861  1402  1679  81   4  14   1   0   0   0  -1.0  -1
 430.0  139774  0.897   861  1409  1689  80   4  15   1   0   0   0  -1.0  -1
 435.0  138059  0.886   861  1415  1698  79   4  15   1   0   0   0  -1.0  -1
 440.0  136295  0.875   861  1419  1707  79   4  16   1   0   0   0  -1.0  -1
 445.0  134489  0.863   861  1422  1715  78   4  17   1   0   0   0  -1.0  -1
 450.0  132647  0.851   861  1424  1724  77   4  18   1   0   0   0  -1.0  -1
 455.0  130775  0.839   861  1426  1733  76   4  18   1   0   0   0  -1.0  -1
 460.0  128879  0.827   861  1427  1742  76   4  19   1   0   0   0  -1.0  -1
 465.0  126965  0.815   861  1427  1751  75   4  20   1   0   0   0  -1.0  -1
 470.0  125037  0.802   861  1427  1759  74   4  21   1   0   0   0  -1.0  -1
 475.0  123101  0.790   861  1428  1768  73   4  21   1   0   0   0  -1.0  -1
 480.0  121162  0.777   861  1428  1777  72   4  22   1   0   0   0  -1.0  -1
 485.0  119223  0.765   861  1428  1786  72   4  23   2   0   0   0  -1.0  -1
 490.0  117291  0.753   861  1428  1794  71   4  24   2   0   0   0  -1.0  -1
 495.0  115367  0.740   861  1428  1803  70   3  25   2   0   0   0  -1.0  -1
 500.0  113457  0.728   861  1428  1812  69   3  26   2   0   0   0  -1.0  -1
 505.0  111563  0.716   861  1428  1821  68   3  27   2   0   0   0  -1.0  -1
 510.0  109688  0.704   861  1428  1829  67   3  28   2   0   0   0  -1.0  -1
 515.0  107836  0.692   861  1428  1838  66   3  29   2   0   0   0  -1.0  -1
 520.0  106008  0.680   861  1428  1847  65   3  30   2   0   0   0  -1.0  -1
 525.0  104207  0.669   861  1428  1856  64   3  31   2   0   0   0  -1.0  -1
 530.0  102435  0.657   861  1428  1864  63   3  32   2   0   0   0  -1.0  -1
 535.0  100694  0.646   861  1428  1873  62   3  33   2   0   0   0  -1.0  -1
 540.0   98985  0.635   861  1428  1881  61   2  34   3   0   0   0  -1.0  -1
 545.0   97310  0.624   861  1428  1890  60   2  35   3   0   0   0  -1.0  -1
 550.0   95669  0.614   861  1428  1898  59   2  36   3   0   0   0  -1.0  -1
 555.0   94063  0.604   861  1428  1907  57   2  37   3   0   0   0  -1.0  -1
 560.0   92493  0.593   861  1428  1915  56   2  39   3   0   0   0  -1.0  -1
 565.0   90960  0.584   861  1428  1923  55   2  40   3   0   0   0  -1.0  -1
 570.0   89464  0.574   861  1428  1931  54   2  41   3   0   0   0  -1.0  -1
 575.0   88005  0.565   861  1428  1939  53   2  42   3   0   0   0  -1.0  -1
 580.0   86583  0.556   861  1428  1947  52   2  43   4   0   0   0  -1.0  -1
 585.0   85199  0.547   861  1428  1955  51   2  44   4   0   0   0  -1.0  -1
 590.0   83852  0.538   861  1428  1962  49   2  45   4   0   0   0  -1.0  -1
 595.0   82541  0.530   861  1428  1969  48   1  46   4   0   0   0  -1.0  -1
 600.0   81267  0.521   861  1428  1976  47   1  48   4   0   0   0  -1.0  -1
 605.0   80029  0.514   861  1428  1982  46   1  49   4   0   0   0  -1.0  -1
 610.0   78828  0.506   861  1428  1989  45   1  50   4   0   0   0  -1.0  -1
 615.0   77661  0.498   861  1428  1995  44   1  51   4   0   0   0  -1.0  -1
 620.0   76529  0.491   861  1428  2000  42   1  52   5   0   0   0  -1.0  -1
 625.0   75431  0.484   861  1428  2006  41   1  53   5   0   0   0  -1.0  -1
 630.0   74367  0.477   861  1428  2011  40   1  54   5   0   0   0  -1.0  -1
 635.0   73335  0.471   861  1428  2017  39   1  55   5   0   0   0  -1.0  -1
 640.0   72335  0.464   861  1428  2022  38   1  56   5   0   0   0  -1.0  -1
 645.0   71367  0.458   861  1428  2027  37   1  57   5   0   0   0  -1.0  -1
 650.0   70429  0.452   861  1428  2032  36   1  58   5   0   0   0  -1.0  -1
 655.0   69522  0.446   861  1428  2036  35   1  59   5   0   0   0  -1.0  -1
 660.0   68643  0.440   861  1428  2041  34   1  60   6   0   0   0  -1.0  -1
 665.0   67793  0.435   861  1428  2046  33   1  61   6   0   0   0  -1.0  -1
 670.0   66970  0.430   861  1428  2051  32   1  62   6   0   0   0  -1.0  -1
 675.0   66174  0.425   861  1428  2055  31   1  63   6   0   0   0  -1.0  -1
 680.0   65405  0.420   861  1428  2060  30   0  64   6   0   0   0  -1.0  -1
 685.0   64660  0.415   861  1428  2065  29   0  65   6   0   0   0  -1.0  -1
 690.0   63941  0.410   861  1428  2069  28   0  66   6   0   0   0  -1.0  -1
 695.0   63245  0.406   861  1428  2074  27   0  66   6   0   0   0  -1.0  -1
 700.0   62572  0.402   861  1428  2078  26   0  67   6   0   0   0  -1.0  -1
 705.0   61922  0.397   861  1428  2083  25   0  68   7   0   0   0  -1.0  -1
 710.0   61294  0.393   861  1428  2088  24   0  69   7   0   0   0  -1.0  -1
 715.0   60687  0.389   861  1428  2092  24   0  70   7   0   0   0  -1.0  -1
 720.0   60100  0.386   861  1428  2097  23   0  70   7   0   0   0  -1.0  -1
 725.0   59533  0.382   861  1428  2101  22   0  71   7   0   0   0  -1.0  -1
 730.0   58985  0.378   861  1428  2106  21   0  72   7   0   0   0  -1.0  -1
 735.0   58456  0.375   861  1428  2110  20   0  72   7   0   0   0  -1.0  -1
 740.0   57945  0.372   861  1428  2115  20   0  73   7   0   0   0  -1.0  -1
 745.0   57451  0.369   861  1428  2119  19   0  73   7   0   0   0  -1.0  -1
 750.0   56974  0.366   861  1428  2124  19   0  74   7   0   0   0  -1.0  -1
 755.0   56513  0.363   861  1428  2129  19   0  74   7   0   0   0  -1.0  -1
 760.0   56068  0.360   861  1428  2133  18   0  74   7   0   0   0  -1.0  -1
 765.0   55638  0.357   861  1428  2138  18   0  74   8   0   0   0  -1.0  -1
 770.0   55223  0.354   861  1428  2142  18   0  75   8   0   0   0  -1.0  -1
 775.0   54822  0.352   861  1428  2147  17   0  75   8   0   0   0  -1.0  -1
 780.0   54435  0.349   861  1428  2151  17   0  75   8   0   0   0  -1.0  -1
 785.0   54061  0.347   861  1428  2156  17   0  76   8   0   0   0  -1.0  -1
 790.0   53699  0.345   861  1428  2160  16   0  76   8   0   0   0  -1.0  -1
 795.0   53350  0.342   861  1428  2165  16   0  76   8   0   0   0  -1.0  -1
 800.0   53013  0.340   861  1428  2170  16   0  76   8   0   0   0  -1.0  -1
 805.0   52688  0.338   861  1428  2174  15   0  77   8   0   0   0  -1.0  -1
 810.0   52373  0.336   861  1428  2179  15   0  77   8   0   0   0  -1.0  -1
 815.0   52070  0.334   861  1428  2183  15   0  77   8   0   0   0  -1.0  -1
 820.0   51776  0.332   861  1428  2188  15   0  77   8   0   0   0  -1.0  -1
 825.0   51493  0.330   861  1429  2192  14   0  78   8   0   0   0  -1.0  -1
 830.0   51220  0.329   861  1429  2197  14   0  78   8   0   0   0  -1.0  -1
 835.0   50955  0.327   861  1429  2201  14   0  78   8   0   0   0  -1.0  -1
 840.0   50700  0.325   861  1429  2206  13   0  79   8   0   0   0  -1.0  -1
 845.0   50454  0.324   861  1429  2211  13   0  79   8   0   0   0  -1.0  -1
 850.0   50216  0.322   861  1429  2215  13   0  79   8   0   0   0  -1.0  -1
 855.0   49986  0.321   861  1429  2220  13   0  79   8   0   0   0  -1.0  -1
 860.0   49764  0.319   861  1429  2224  12   0  80   8   0   0   0  -1.0  -1
 865.0   49549  0.318   861  1429  2229  12   0  80   8   0   0   0  -1.0  -1
 870.0   49342  0.317   861  1429  2233  12   0  80   8   0   0   0  -1.0  -1
 875.0   49142  0.315   861  1429  2238  12   0  80   8   0   0   0  -1.0  -1
 880.0   48949  0.314   861  1429  2242  11   0  80   8   0   0   0  -1.0  -1
 885.0   48762  0.313   861  1429  2247  11   0  81   8   0   0   0  -1.0  -1
 890.0   48582  0.312   861  1429  2252  11   0  81   8   0   0   0  -1.0  -1
 895.0   48407  0.311   861  1429  2256  11   0  81   8   0   0   0  -1.0  -1
 900.0   48239  0.310   861  1429  2261  10   0  81   8   0   0   0  -1.0  -1
 905.0   48077  0.308   861  1429  2265  10   0  82   8   0   0   0  -1.0  -1
 910.0   47920  0.307   861  1429  2270  10   0  82   8   0   0   0  -1.0  -1
 915.0   47768  0.307   861  1429  2274  10   0  82   8   0   0   0  -1.0  -1
 920.0   47622  0.306   861  1429  2279  10   0  82   8   0   0   0  -1.0  -1
 925.0   47480  0.305   861  1429  2283   9   0  82   8   0   0   0  -1.0  -1
 930.0   47344  0.304   861  1429  2288   9   0  83   8   0   0   0  -1.0  -1
 935.0   47211  0.303   861  1429  2292   9   0  83   8   0   0   0  -1.0  -1
 940.0   47084  0.302   861  1429  2297   9   0  83   8   0   0   0  -1.0  -1
 945.0   46961  0.301   861  1429  2302   8   0  83   8   0   0   0  -1.0  -1
 950.0   46842  0.301   861  1429  2306   8   0  83   8   0   0   0  -1.0  -1
 955.0   46727  0.300   861  1429  2311   8   0  83   8   0   0   0  -1.0  -1
 960.0   46616  0.299   861  1429  2315   8   0  84   8   0   0   0  -1.0  -1
 965.0   46508  0.298   861  1429  2320   8   0  84   8   0   0   0  -1.0  -1
 970.0   46405  0.298   861  1429  2324   8   0  84   8   0   0   0  -1.0  -1
 975.0   46304  0.297   861  1429  2329   7   0  84   9   0   0   0  -1.0  -1
 980.0   46208  0.296   861  1429  2333   7   0  84   9   0   0   0  -1.0  -1
 985.0   46114  0.296   861  1429  2338   7   0  84   9   0   0   0  -1.0  -1
 990.0   46024  0.295   861  1429  2343   7   0  85   9   0   0   0  -1.0  -1
 995.0   45937  0.295   861  1429  2347   7   0  85   9   0   0   0  -1.0  -1
1000.0   45852  0.294   861  1429  2352   6   0  85   9   0   0   0  -1.0  -1
1010.0   45692  0.293   861  1429  2361   6   0  85   9   0   0   0  -1.0  -1
1020.0   45543  0.292   861  1429  2370   6   0  86   9   0   0   0  -1.0  -1
1030.0   45403  0.291   861  1429  2379   6   0  86   9   0   0   0  -1.0  -1
1040.0   45273  0.291   861  1429  2388   5   0  86   9   0   0   0  -1.0  -1
1050.0   45152  0.290   861  1429  2397   5   0  86   9   0   0   0  -1.0  -1
1060.0   45038  0.289   861  1429  2406   5   0  87   9   0   0   0  -1.0  -1
1070.0   44932  0.288   861  1429  2415   4   0  87   9   0   0   0  -1.0  -1
1080.0   44833  0.288   861  1429  2425   4   0  87   9   0   0   0  -1.0  -1
1090.0   44741  0.287   861  1429  2434   4   0  87   9   0   0   0  -1.0  -1
1100.0   44655  0.287   861  1429  2443   4   0  87   9   0   0   0  -1.0  -1
1110.0   44575  0.286   861  1429  2452   4   0  88   9   0   0   0  -1.0  -1
1120.0   44499  0.286   861  1429  2461   3   0  88   9   0   0   0  -1.0  -1
1130.0   44429  0.285   861  1429  2470   3   0  88   9   0   0   0  -1.0  -1
1140.0   44364  0.285   861  1429  2479   3   0  88   9   0   0   0  -1.0  -1
1150.0   44303  0.284   861  1429  2488   3   0  88   9   0   0   0  -1.0  -1
1160.0   44246  0.284   861  1429  2497   3   0  88   9   0   0   0  -1.0  -1
1170.0   44193  0.284   861  1429  2507   2   0  89   9   0   0   0  -1.0  -1
1180.0   44143  0.283   861  1429  2516   2   0  89   9   0   0   0  -1.0  -1
1190.0   44096  0.283   861  1429  2525   2   0  89   9   0   0   0  -1.0  -1
1200.0   44053  0.283   861  1429  2534   2   0  89   9   0   0   0  -1.0  -1
1210.0   44013  0.282   861  1429  2543   2   0  89   9   0   0   0  -1.0  -1
1220.0   43975  0.282   861  1429  2552   2   0  89   9   0   0   0  -1.0  -1
1230.0   43940  0.282   861  1429  2561   2   0  89   9   0   0   0  -1.0  -1
1240.0   43907  0.282   861  1429  2570   2   0  89   9   0   0   0  -1.0  -1
1250.0   43876  0.282   861  1429  2579   1   0  89   9   0   0   0  -1.0  -1
1260.0   43848  0.281   861  1429  2588   1   0  90   9   0   0   0  -1.0  -1
1270.0   43821  0.281   861  1429  2598   1   0  90   9   0   0   0  -1.0  -1
1280.0   43796  0.281   861  1429  2607   1   0  90   9   0   0   0  -1.0  -1
1290.0   43773  0.281   861  1429  2616   1   0  90   9   0   0   0  -1.0  -1
1300.0   43751  0.281   861  1429  2625   1   0  90   9   0   0   0  -1.0  -1
1310.0   43731  0.281   861  1429  2634   1   0  90   9   0   0   0  -1.0  -1
1320.0   43712  0.280   861  1429  2643   1   0  90   9   0   0   0  -1.0  -1
1330.0   43694  0.280   861  1429  2652   1   0  90   9   0   0   0  -1.0  -1
1340.0   43677  0.280   861  1429  2661   1   0  90   9   0   0   0  -1.0  -1
1350.0   43662  0.280   861  1429  2670   1   0  90   9   0   0   0  -1.0  -1
1360.0   43648  0.280   861  1429  2679   1   0  90   9   0   0   0  -1.0  -1
1370.0   43634  0.280   861  1429  2687   1   0  90   9   0   0   0  -1.0  -1
1380.0   43622  0.280   861  1429  2695   1   0  90   9   0   0   0  -1.0  -1
1390.0   43610  0.280   861  1429  2703   1   0  90   9   0   0   0  -1.0  -1
1400.0   43599  0.280   861  1429  2710   1   0  90   9   0   0   0  -1.0  -1
1410.0   43589  0.280   861  1430  2717   0   0  90   9   0   0   0  -1.0  -1
1420.0   43579  0.280   861  1430  2724   0   0  91   9   0   0   0  -1.0  -1
1430.0   43570  0.280   861  1430  2730   0   0  91   9   0   0   0  -1.0  -1
1440.0   43562  0.280   861  1430  2735   0   0  91   9   0   0   0  -1.0  -1
1450.0   43554  0.279   861  1430  2741   0   0  91   9   0   0   0  -1.0  -1
1460.0   43547  0.279   861  1430  2746   0   0  91   9   0   0   0  -1.0  -1
1470.0   43540  0.279   861  1430  2752   0   0  91   9   0   0   0  -1.0  -1
1480.0   43534  0.279   861  1430  2757   0   0  91   9   0   0   0  -1.0  -1
1490.0   43528  0.279   861  1430  2762   0   0  91   9   0   0   0  -1.0  -1
1500.0   43523  0.279   861  1430  2767   0   0  91   9   0   0   0  -1.0  -1
1510.0   43518  0.279   861  1430  2772   0   0  91   9   0   0   0  -1.0  -1
1520.0   43513  0.279   861  1430  2777   0   0  91   9   0   0   0  -1.0  -1
1530.0   43508  0.279   861  1430  2782   0   0  91   9   0   0   0  -1.0  -1
1540.0   43504  0.279   861  1430  2787   0   0  91   9   0   0   0  -1.0  -1
1550.0   43500  0.279   861  1430  2793   0   0  91   9   0   0   0  -1.0  -1
1560.0   43497  0.279   861  1430  2798   0   0  91   9   0   0   0  -1.0  -1
1570.0   43493  0.279   861  1430  2803   0   0  91   9   0   0   0  -1.0  -1
1580.0   43490  0.279   861  1430  2808   0   0  91   9   0   0   0  -1.0  -1
1590.0   43487  0.279   861  1430  2813   0   0  91   9   0   0   0  -1.0  -1
1600.0   43485  0.279   861  1430  2818   0   0  91   9   0   0   0  -1.0  -1
1610.0   43482  0.279   861  1430  2823   0   0  91   9   0   0   0  -1.0  -1
1620.0   43480  0.279   861  1430  2828   0   0  91   9   0   0   0  -1.0  -1
1630.0   43478  0.279   861  1430  2833   0   0  91   9   0   0   0  -1.0  -1
1640.0   43475  0.279   861  1430  2839   0   0  91   9   0   0   0  -1.0  -1
1650.0   43473  0.279   861  1430  2844   0   0  91   9   0   0   0  -1.0  -1
1660.0   43472  0.279   861  1430  2849   0   0  91   9   0   0   0  -1.0  -1
1670.0   43470  0.279   861  1430  2854   0   0  91   9   0   0   0  -1.0  -1
1680.0   43468  0.279   861  1430  2859   0   0  91   9   0   0   0  -1.0  -1
1690.0   43467  0.279   861  1430  2864   0   0  91   9   0   0   0  -1.0  -1
1700.0   43466  0.279   861  1430  2869   0   0  91   9   0   0   0  -1.0  -1
1710.0   43464  0.279   861  1430  2874   0   0  91   9   0   0   0  -1.0  -1
1720.0   43463  0.279   861  1430  2879   0   0  91   9   0   0   0  -1.0  -1
1730.0   43462  0.279   861  1430  2885   0   0  91   9   0   0   0  -1.0  -1
1740.0   43461  0.279   861  1430  2890   0   0  91   9   0   0   0  -1.0  -1
1750.0   43460  0.279   861  1430  2895   0   0  91   9   0   0   0  -1.0  -1
1760.0   43459  0.279   861  1430  2900   0   0  91   9   0   0   0  -1.0  -1
1770.0   43458  0.279   861  1430  2905   0   0  91   9   0   0   0  -1.0  -1
1780.0   43457  0.279   861  1430  2910   0   0  91   9   0   0   0  -1.0  -1
1790.0   43457  0.279   861  1430  2915   0   0  91   9   0   0   0  -1.0  -1
1800.0   43456  0.279   861  1430  2920   0   0  91   9   0   0   0  -1.0  -1
1810.0   43455  0.279   861  1430  2925   0   0  91   9   0   0   0  -1.0  -1
1820.0   43455  0.279   861  1430  2931   0   0  91   9   0   0   0  -1.0  -1
1830.0   43454  0.279   861  1430  2936   0   0  91   9   0   0   0  -1.0  -1
1840.0   43454  0.279   861  1430  2941   0   0  91   9   0   0   0  -1.0  -1
1850.0   43453  0.279   861  1430  2946   0   0  91   9   0   0   0  -1.0  -1
1860.0   43453  0.279   861  1430  2951   0   0  91   9   0   0   0  -1.0  -1
1870.0   43452  0.279   861  1430  2956   0   0  91   9   0   0   0  -1.0  -1
1880.0   43452  0.279   861  1430  2961   0   0  91   9   0   0   0  -1.0  -1
1890.0   43452  0.279   861  1430  2966   0   0  91   9   0   0   0  -1.0  -1
1900.0   43451  0.279   861  1430  2971   0   0  91   9   0   0   0  -1.0  -1
1910.0   43451  0.279   861  1430  2977   0   0  91   9   0   0   0  -1.0  -1
1920.0   43451  0.279   861  1430  2982   0   0  91   9   0   0   0  -1.0  -1
1930.0   43450  0.279   861  1430  2987   0   0  91   9   0   0   0  -1.0  -1
1940.0   43450  0.279   861  1430  2992   0   0  91   9   0   0   0  -1.0  -1
1950.0   43450  0.279   861  1430  2997   0   0  91   9   0   0   0  -1.0  -1
1960.0   43449  0.279   861  1430  3002   0   0  91   9   0   0   0  -1.0  -1
1970.0   43449  0.279   861  1430  3007   0   0  91   9   0   0   0  -1.0  -1
1980.0   43449  0.279   861  1430  3012   0   0  91   9   0   0   0  -1.0  -1
1990.0   43449  0.279   861  1430  3017   0   0  91   9   0   0   0  -1.0  -1
2000.0   43449  0.279   861  1431  3022   0   0  91   9   0   0   0  -1.0  -1
