Species Name                                                               
 N2                                                                     
                                                                        
# Vibr   # Elct    # Othr    # Mom X   Mom Xfr data pairs               
10       13        2         0         66                               
                                                                        
molecular weight                                                        
27.794                                                                     
                                                                        
B0   moment keyr   continuous approx to rotation (CAR)
2.43e-4  1.04    4                                                           
                                                                        
N2_MOMXFR
scale
1.0
       E            Q            E            Q            E            Q
   0.0000E+00   1.1000E+00   1.0000E-03   1.3600E+00   2.0000E-03   1.4900E+00
   3.0000E-03   1.6200E+00   5.0000E-03   1.8100E+00   7.0000E-03   2.0000E+00
   8.5000E-03   2.1000E+00   1.0000E-02   2.1900E+00   1.5000E-02   2.5500E+00
   2.0000E-02   2.8500E+00   3.0000E-02   3.4000E+00   4.0000E-02   3.8500E+00
   5.0000E-02   4.3300E+00   7.0000E-02   5.1000E+00   1.0000E-01   5.9500E+00
   1.2000E-01   6.4500E+00   1.5000E-01   7.1000E+00   1.7000E-01   7.4000E+00
   2.0000E-01   7.9000E+00   2.5000E-01   8.5000E+00   3.0000E-01   9.0000E+00
   3.5000E-01   9.4000E+00   4.0000E-01   9.7000E+00   5.0000E-01   9.9000E+00
   7.0000E-01   1.0000E+01   1.0000E+00   1.0000E+01   1.2000E+00   1.0400E+01
   1.3000E+00   1.1000E+01   1.5000E+00   1.2000E+01   1.7000E+00   1.3800E+01
   1.9000E+00   1.9600E+01   2.1000E+00   2.7000E+01   2.2000E+00   2.8500E+01
   2.5000E+00   3.0000E+01   2.8000E+00   2.8000E+01   3.0000E+00   2.1700E+01
   3.3000E+00   1.7200E+01   3.6000E+00   1.4700E+01   4.0000E+00   1.2600E+01
   4.5000E+00   1.1300E+01   5.0000E+00   1.0900E+01   6.0000E+00   1.0400E+01
   7.0000E+00   1.0100E+01   8.0000E+00   1.0000E+01   1.0000E+01   1.0400E+01
   1.2000E+01   1.0900E+01   1.5000E+01   1.1000E+01   1.7000E+01   1.0700E+01
   2.0000E+01   1.0200E+01   2.5000E+01   9.5000E+00   3.0000E+01   9.0000E+00
   5.0000E+01   8.6000E+00   7.5000E+01   6.6000E+00   1.0000E+02   5.8000E+00
   1.5000E+02   4.9000E+00   2.0000E+02   4.2000E+00   3.0000E+02   3.3000E+00
   5.0000E+02   2.4400E+00   7.0000E+02   1.9600E+00   1.0000E+03   1.5500E+00
   1500.0000        1.1200	2000.0000        0.8100	3000.0000        0.6300
   5000.0000        0.4000	7000.0000        0.2900	10000.0000        0.2100
   
N2_ROEXC_CAR
Energy                 N       Scale Factor
2.000000E-02           28        1.000000
       E            Q            E            Q            E            Q
   0.0000E+00   0.0000E+00   2.0000E-02   0.0000E+00   3.0000E-02   0.0000E+00
   4.0000E-01   0.0000E+00   8.0000E-01   0.0000E+00   1.2000E+00   6.0000E-02
   1.6000E+00   1.8000E-01   1.7000E+00   2.3000E-01   1.8000E+00   4.0000E-01
   1.9000E+00   1.4100E+00   2.0000E+00   5.1300E+00   2.1000E+00   5.4200E+00
   2.2000E+00   5.1400E+00   2.3000E+00   6.9000E+00   2.4000E+00   6.0400E+00
   2.5000E+00   6.4500E+00   2.6000E+00   5.1000E+00   2.7000E+00   4.2400E+00
   2.8000E+00   3.7500E+00   2.9000E+00   2.1100E+00   3.0000E+00   2.3200E+00
   3.1000E+00   1.9400E+00   3.2000E+00   1.4000E+00   3.3000E+00   9.4000E-01
   3.6000E+00   3.8000E-01   5.0000E+00   0.0000E+00   2.0000E+01   0.0000E+00
   1.0000E+03   0.0000E+00                 
                                                                        
N2 VIBRATIONAL (V=1)                                                    
energy loss        entries   scale                                      
0.29               30        1.0                                        
   Energy   Cross Section          Energy   Cross Section               
    .0000        .0000              .2900        .0000                  
    .3000        .0010              .3300        .0017                  
    .4000        .0025              .7500        .0037                  
    .9000        .0055             1.0000        .0065                  
   1.1000        .0090             1.1600        .0110                  
   1.2000        .0125             1.2200        .0135                  
   1.4000        .0700             1.5000        .1000                  
   1.6000        .1500             1.6500        .0000                  
   3.6000        .0000             4.0000        .0550                  
   5.0000        .0350            15.0000        .0350                  
  18.0000        .0400            20.0000        .0650                  
  22.0000        .0850            23.0000        .0850                  
  25.0000        .0600            29.0000        .0300                  
  32.0000        .0150            50.0000        .0120                  
  80.0000        .0000          1000.0000        .0000                  
                                                                        
N2 VIBRATIONAL (V=1)                                                    
energy loss        entries   scale                                      
0.291              28        1.0                                        
   Energy   Cross Section          Energy   Cross Section               
    .0000        .0000              .2910        .0000                  
   1.6000        .0000             1.6500        .2700                  
   1.7000        .3150             1.8000        .5400                  
   1.9000       1.4850             2.0000       4.8000                  
   2.1000       2.5650             2.2000       1.2000                  
   2.3000       4.5000             2.4000       2.7600                  
   2.5000       1.5900             2.6000       3.1500                  
   2.7000       1.5450             2.7500        .6000                  
   2.8000       1.3500             2.9000        .5250                  
   3.0000        .8700             3.1000       1.1700                  
   3.2000        .8550             3.3000        .6600                  
   3.4000        .6000             3.5000        .5850                  
   3.6000        .5700             4.0000        .0000                  
 100.0000        .0000          1000.0000        .0000                  
                                                                        
N2 VIBRATIONAL (V=2)                                                    
energy loss        entries   scale                                      
0.59               24        1.0                                        
   Energy   Cross Section          Energy   Cross Section               
    .0000        .0000              .5900        .0000                  
   1.7000        .0000             1.8000        .0150                  
   1.9000        .6300             2.0000       1.9350                  
   2.1000       3.3000             2.2000       1.4700                  
   2.3000        .5400             2.4000       2.1150                  
   2.5000       3.0000             2.6000        .5400                  
   2.7000       1.0500             2.7500       1.7250                  
   2.8000       1.2750             2.9000        .3300                  
   3.0000        .9000             3.1000        .6450                  
   3.2000        .3750             3.3000        .3450                  
   3.4000        .3000             3.5000        .2130                  
   3.6000        .0000          1000.0000        .0000                  
                                                                        
N2 VIBRATIONAL (V=3)                                                    
energy loss        entries   scale                                      
0.88               20        1.0                                        
   Energy   Cross Section          Energy   Cross Section               
    .0000        .0000              .8800        .0000                  
   1.9000        .0000             2.0000        .9600                  
   2.1000       2.0550             2.2000       2.7000                  
   2.3000       1.6950             2.4000        .0750                  
   2.5000        .9600             2.6000       1.4700                  
   2.7000        .4500             2.7500        .9600                  
   2.8000        .5400             2.9000        .8550                  
   3.0000        .4050             3.1000        .2820                  
   3.2000        .2910             3.3000        .0615                  
   3.4000        .0000          1000.0000        .0000                  
                                                                        
N2 VIBRATIONAL (V=4)                                                    
energy loss        entries   scale                                      
1.17               18        1.0                                        
   Energy   Cross Section          Energy   Cross Section               
    .0000        .0000             1.1700        .0000                  
   2.0000        .0000             2.1000        .2025                  
   2.2000       1.5150             2.3000       2.3850                  
   2.4000       1.4400             2.5000        .5550                  
   2.6000        .0825             2.7000       1.2000                  
   2.7500       1.0950             2.8000        .6750                  
   2.9000        .0300             3.0000        .3300                  
   3.1000        .3150             3.2000        .0600                  
   3.3000        .0000          1000.0000        .0000                  
                                                                        
N2 VIBRATIONAL (V=5)                                                    
energy loss        entries   scale                                      
1.47               18        1.0                                        
   Energy   Cross Section          Energy   Cross Section               
    .0000        .0000             1.4700        .0000                  
   2.1000        .0000             2.2000        .8250                  
   2.3000       1.2300             2.4000       1.5300                  
   2.5000       1.4400             2.6000        .3450                  
   2.7000        .0225             2.7500        .3450                  
   2.8000        .5400             2.9000        .6600                  
   3.0000        .2175             3.1000        .1050                  
   3.2000        .3150             3.3000        .1035                  
   3.4000        .0000          1000.0000        .0000                  
                                                                        
N2 VIBRATIONAL (V=6)                                                    
energy loss        entries   scale                                      
1.76               16        1.0                                        
   Energy   Cross Section          Energy   Cross Section               
    .0000        .0000             1.7600        .0000                  
   2.2000        .0000             2.3000        .0063                  
   2.4000       1.1250             2.5000       1.7400                  
   2.6000       1.3800             2.7000        .7800                  
   2.7500        .4500             2.8000        .3150                  
   2.9000        .2460             3.0000        .4800                  
   3.1000        .1635             3.2000        .0000                  
 100.0000        .0000          1000.0000        .0000                  
                                                                        
N2 VIBRATIONAL (V=7)                                                    
energy loss        entries   scale                                      
2.06               18        1.0                                        
   Energy   Cross Section          Energy   Cross Section               
    .0000        .0000             2.0600        .0000                  
   2.3000        .0000             2.4000        .0126                  
   2.5000        .3900             2.6000        .6600                  
   2.7000        .9600             2.7500        .7950                  
   2.8000        .6000             2.9000        .1800                  
   3.0000        .0063             3.1000        .1920                  
   3.2000        .2040             3.3000        .0780                  
   3.4000        .0189             3.5000        .0000                  
 100.0000        .0000          1000.0000        .0000                  
                                                                        
N2 VIBRATIONAL (V=8)                                                    
energy loss        entries   scale                                      
2.35               16        1.0                                        
   Energy   Cross Section          Energy   Cross Section               
    .0000        .0000             2.3500        .0000                  
   2.5000        .0000             2.6000        .0189                  
   2.7000        .3600             2.7500        .3600                  
   2.8000        .3300             2.9000        .3450                  
   3.0000        .2640             3.1000        .0375                  
   3.2000        .0063             3.3000        .1545                  
   3.4000        .0252             3.5000        .0000                  
 100.0000        .0000          1000.0000        .0000                  
                                                                        
N2 ELECTRONIC (A3 V=0-4)                                                
energy loss        statwt    entries   scale                            
6.17               0.0       26        1.0                              
   Energy   Cross Section          Energy   Cross Section               
    .0000        .0000             6.1700        .0000                  
   7.0000        .0010             7.8000        .0028                  
   8.5000        .0043             9.0000        .0052                  
  10.0000        .0082            11.0000        .0100                  
  12.0000        .0120            13.0000        .0130                  
  14.0000        .0140            16.0000        .0150                  
  17.0000        .0150            18.0000        .0140                  
  20.0000        .0120            22.0000        .0100                  
  24.0000        .0089            26.0000        .0076                  
  30.0000        .0059            34.0000        .0049                  
  40.0000        .0039            50.0000        .0034                  
  70.0000        .0007           150.0000        .0000                  
 500.0000        .0000          1000.0000        .0000                  
                                                                        
N2 ELECTRONIC (A3 V=5-9)                                                
energy loss        statwt    entries   scale                            
7.0                0.0       26        1.0                              
   Energy   Cross Section          Energy   Cross Section               
    .0000        .0000             7.0000        .0000                  
   7.3000        .0020             7.8000        .0050                  
   8.5000        .0150             9.0000        .0220                  
  10.0000        .0340            11.0000        .0430                  
  12.0000        .0500            13.0000        .0550                  
  14.0000        .0600            16.0000        .0650                  
  17.0000        .0650            18.0000        .0620                  
  20.0000        .0530            22.0000        .0450                  
  24.0000        .0380            26.0000        .0330                  
  30.0000        .0250            34.0000        .0210                  
  40.0000        .0170            50.0000        .0140                  
  70.0000        .0029           150.0000        .0000                  
 500.0000        .0000          1000.0000        .0000                  
                                                                        
N2 ELECTRONIC (B3)                                                      
energy loss        statwt    entries   scale                            
7.35               0.0       24        1.0                              
   Energy   Cross Section          Energy   Cross Section               
    .0000        .0000             7.3500        .0000                  
   8.0000        .0362             9.0000        .0938                  
  10.0000        .1508            11.0000        .1863                  
  12.0000        .2003            13.0000        .1990                  
  14.0000        .1816            15.0000        .1615                  
  16.0000        .1447            17.0000        .1307                  
  18.0000        .1199            20.0000        .1112                  
  22.0000        .0951            26.0000        .0804                  
  30.0000        .0677            34.0000        .0563                  
  40.0000        .0429            50.0000        .0268                  
  70.0000        .0067           150.0000        .0000                  
 500.0000        .0000          1000.0000        .0000                  
                                                                        
N2 ELECTRONIC (W3)                                                      
energy loss        statwt    entries   scale                            
7.36               0.0       26        1.0                              
   Energy   Cross Section          Energy   Cross Section               
    .0000        .0000             7.3600        .0000                  
   8.0000        .0181             9.0000        .0496                  
  10.0000        .0804            11.0000        .1112                  
  12.0000        .1427            14.0000        .2050                  
  15.0000        .2352            16.0000        .2546                  
  17.0000        .2519            18.0000        .2345                  
  20.0000        .1776            22.0000        .1320                  
  24.0000        .1025            26.0000        .0844                  
  28.0000        .0724            30.0000        .0630                  
  34.0000        .0496            40.0000        .0348                  
  50.0000        .0201            70.0000        .0100                  
 100.0000        .0047           150.0000        .0000                  
 500.0000        .0000          1000.0000        .0000                  
                                                                        
N2 ELECTRONIC (A3 V=10-)                                                
energy loss        statwt    entries   scale                            
7.8                0.0       26        1.0                              
   Energy   Cross Section          Energy   Cross Section               
    .0000        .0000             7.8000        .0000                  
   8.1000        .0015             8.5000        .0040                  
   8.7000        .0070             9.0000        .0110                  
  10.0000        .0290            11.0000        .0440                  
  12.0000        .0510            13.0000        .0560                  
  14.0000        .0600            16.0000        .0660                  
  17.0000        .0670            18.0000        .0630                  
  20.0000        .0540            22.0000        .0460                  
  24.0000        .0390            26.0000        .0330                  
  30.0000        .0260            34.0000        .0210                  
  40.0000        .0170            50.0000        .0150                  
  70.0000        .0030           150.0000        .0000                  
 500.0000        .0000          1000.0000        .0000                  
                                                                        
N2 ELECTRONIC (B'3)                                                     
energy loss        statwt    entries   scale                            
8.16               0.0       24        1.0                              
   Energy   Cross Section          Energy   Cross Section               
    .0000        .0000             8.1600        .0000                  
   9.0000        .0107            10.0000        .0235                  
  11.0000        .0369            12.0000        .0496                  
  13.0000        .0630            14.0000        .0757                  
  15.0000        .0838            16.0000        .0764                  
  17.0000        .0616            18.0000        .0489                  
  19.0000        .0409            20.0000        .0362                  
  22.0000        .0315            26.0000        .0268                  
  30.0000        .0228            34.0000        .0194                  
  40.0000        .0161            50.0000        .0127                  
  70.0000        .0067           150.0000        .0000                  
 500.0000        .0000          1000.0000        .0000                  
                                                                        
N2 ELECTRONIC (a'1)                                                     
energy loss        statwt    entries   scale                            
8.4                0.0       20        1.0                              
   Energy   Cross Section          Energy   Cross Section               
    .0000        .0000             8.4000        .0000                  
   9.0000        .0067            11.0000        .0302                  
  13.0000        .0536            14.0000        .0643                  
  15.0000        .0697            16.0000        .0570                  
  17.0000        .0429            18.0000        .0348                  
  19.0000        .0308            20.0000        .0275                  
  24.0000        .0201            30.0000        .0154                  
  40.0000        .0124            50.0000        .0121                  
  70.0000        .0101           150.0000        .0067                  
 500.0000        .0000          1000.0000        .0000                  
                                                                        
N2 ELECTRONIC (a1)                                                      
energy loss        statwt    entries   scale                            
8.55               0.0       24        1.0                              
   Energy   Cross Section          Energy   Cross Section               
    .0000        .0000             8.5500        .0000                  
   9.0000        .0127            14.0000        .1474                  
  15.0000        .1715            16.0000        .1916                  
  17.0000        .2023            18.0000        .1990                  
  19.0000        .1923            20.0000        .1849                  
  24.0000        .1621            26.0000        .1528                  
  30.0000        .1367            40.0000        .1065                  
  50.0000        .0851            70.0000        .0603                  
 100.0000        .0402           150.0000        .0268                  
 200.0000        .0201           250.0000        .0161                  
 300.0000        .0134           500.0000        .0082                  
 700.0000        .0060          1000.0000        .0042                  
                                                                        
N2 ELECTRONIC (W1)                                                      
energy loss        statwt    entries   scale                            
8.89               0.0       20        1.0                              
   Energy   Cross Section          Energy   Cross Section               
    .0000        .0000             8.8900        .0000                  
   9.0000        .0013            10.0000        .0261                  
  11.0000        .0476            12.0000        .0663                  
  13.0000        .0784            14.0000        .0771                  
  15.0000        .0670            16.0000        .0543                  
  17.0000        .0442            18.0000        .0375                  
  20.0000        .0288            22.0000        .0241                  
  30.0000        .0154            38.0000        .0094                  
  50.0000        .0047           150.0000        .0000                  
 500.0000        .0000          1000.0000        .0000                  
                                                                        
N2 ELECTRONIC (C3)                                                      
energy loss        statwt    entries   scale                            
11.03              0.0       30        1.0                              
   Energy   Cross Section          Energy   Cross Section               
    .0000        .0000            11.0300        .0000                  
  11.5000        .0270            12.0000        .0620                  
  12.5000        .1310            13.0000        .2900                  
  13.5000        .4900            13.8000        .6200                  
  14.0000        .6500            14.2000        .6400                  
  14.5000        .6300            15.0000        .5500                  
  16.0000        .4300            17.0000        .3500                  
  18.0000        .3000            19.0000        .2700                  
  20.0000        .2500            22.0000        .2100                  
  24.0000        .1770            26.0000        .1500                  
  28.0000        .1280            30.0000        .1110                  
  36.0000        .0780            40.0000        .0630                  
  50.0000        .0390            70.0000        .0150                  
 100.0000        .0015           150.0000        .0000                  
 500.0000        .0000          1000.0000        .0000                  
                                                                        
N2 ELECTRONIC (E3)                                                      
energy loss        statwt    entries   scale                            
11.88              0.0       18        1.0                              
   Energy   Cross Section          Energy   Cross Section               
    .0000        .0000            11.8700        .0000                  
  12.9200        .0496            12.7000        .0007                  
  17.0000        .0034            19.0000        .0042                  
  20.0000        .0047            22.0000        .0052                  
  24.0000        .0054            26.0000        .0054                  
  28.0000        .0044            30.0000        .0034                  
  32.0000        .0027            40.0000        .0012                  
  50.0000        .0005           150.0000        .0000                  
 500.0000        .0000          1000.0000        .0000                  
                                                                        
N2 ELECTRONIC (AD'1 ?)                                                      
energy loss        statwt    entries   scale                            
12.25              0.0       24        1.0                              
   Energy   Cross Section          Energy   Cross Section               
    .0000        .0000            12.2500        .0000                  
  13.0000        .0054            15.0000        .0188                  
  16.0000        .0248            17.0000        .0302                  
  18.0000        .0348            19.0000        .0382                  
  20.0000        .0389            22.0000        .0342                  
  24.0000        .0275            26.0000        .0228                  
  30.0000        .0154            36.0000        .0114                  
  40.0000        .0107            50.0000        .0090                  
  70.0000        .0068           100.0000        .0050                  
 150.0000        .0030           200.0000        .0029                  
 300.0000        .0020           500.0000        .0013                  
 700.0000        .0010          1000.0000        .0008                  
                                                                        
N2 SUM OF SINGLET STATES                                                
energy loss        statwt    entries   scale                            
13.0               0.0       27        1.0                              
   Energy   Cross Section          Energy   Cross Section               
    .0000        .0000            13.0000        .0000                  
  14.0000        .0810            15.0000        .1900                  
  16.0000        .2500            17.0000        .4200                  
  18.0000        .5200            20.0000        .7500                  
  22.0000        .9600            25.0000       1.1900                  
  30.0000       1.4800            40.0000       1.6500                  
  60.0000       1.7600            80.0000       1.6800                  
 100.0000       1.5800           150.0000       1.3300                  
 200.0000       1.1600           250.0000       1.0500                  
 300.0000        .9600           500.0000        .7400                  
 700.0000        .6400          1000.0000        .5300                  
1500.0000        .3700          2000.0000        .3000
4000.0000        .1694          7000.0000        .1054
10000.0000       .0772

N2+ IONIZATION X2 and A2
energy loss        statwt    entries   scale                            
15.6               2.0       32        1.0                              
   Energy   Cross Section          Energy   Cross Section               
    .0000        .0000            15.6000        .0000                  
  16.0000        .0195            16.5000        .0428                  
  17.0000        .0660            17.5000        .0911                  
  18.0000        .1200            18.5000        .1516                  
  19.0000        .1841            19.5000        .2130                  
  20.0000        .2502            21.0000        .3181                  
  22.0000        .3869            23.0000        .4557                  
  25.0000        .5924            30.0000        .9579                  
  34.0000       1.1718            45.0000       1.6461                  
  60.0000       2.0181            75.0000       2.2134                  
 100.0000       2.3436           150.0000       2.2692                  
 200.0000       2.1018           300.0000       1.7763                  
 500.0000       1.3485           700.0000       1.0788                  
1000.0000        .8556          1500.0000        .597 
2000.0000        .484           4000.0000        .2735
7000.0000        .1702         10000.0000        .1246

N2+ IONIZATION B2
energy loss        statwt    entries   scale                            
18.800             2.0       24        1.0
        ENERGY     CROSS SECTION       
        0.0000        0.0000            
       18.8000        0.0000            
       19.0000        0.0012            
       19.6000        0.0048            
       20.0000        0.0071            
       30.0000        0.0720            
       35.0000        0.1010            
       40.0000        0.1210            
       45.0000        0.1360            
       50.0000        0.1470            
       60.0000        0.1600            
       80.0000        0.1710            
       90.0000        0.1730
      100.0000        0.1740
      150.0000        0.1700
      300.0000        0.1320
      500.0000        0.1030
      700.0000        0.0830
     1000.0000        0.0640
     1500.0000        0.0570
     2000.0000        0.0370
     4000.0000        0.0215
     7000.0000        0.0138
    10000.0000        0.0104
 
