% Daytime summer ionosphere electron density at HAARP location
% ---------------------------------------------------------------------------
% Created on 2006-06-09
% International Reference Ionosphere - IRI-2001
% http://modelweb.gsfc.nasa.gov/models/iri.html
% LOCAL TIME IS USED
% ---------------------------------------------------------------------------
% ModelWeb Browser Results
% iri model listing
% Input parameters
% year= 2000., month= 07, day= 01, hour=14.,
% latitude= 62.39, longitude= 214.85, height= 100.
% Prof. parameters: start= 60. stop= 100. step= 1.
% 
% URSI maps are used for the F2 peak density (NmF2)
% CCIR maps are used for the F2 peak height (hmF2)
% B0-Table option is used for the bottomside thickness parameter B0
% Danilov- option is used for the ion composition
% The foF2 STORM model is turned on 
% IRI-95    option is used for the electron temperature
% IRI-95   option is used for the D-region Ne
% Scotto-97 no L   option is used for the F1 occurrence probability
% Peak Densities/cm-3: NmF2= 456249.7   NmF1= 304478.2   NmE= 148545.2
% Peak Heights/km:     hmF2=   291.55   hmF1=   223.05   hmE=   110.00
%
% Solar Zenith Angle/degree                              44.1
% Dip (Magnetic Inclination)/degree                     75.61
% Modip (Modified Dip)/degree                           62.71
% Solar Sunspot Number (12-months running mean) Rz12    119.3
% Ionospheric-Effective Solar Index IG12                139.8
% ---------------------------------------------------------------------------
% A value of -1 indicates that the parameter is not available
% for the specified range
% TEC=-1, means you have not entered an upper boundary height in the
% OPTIONAL INPUT section.
% ---------------------------------------------------------------------------
%  H   ELECTRON DENSITY   TEMPERATURES         ION PERCENTAGES/%     1E16m-2
%  km  Ne/cm-3 Ne/NmF2 Tn/K  Ti/K  Te/K  O+  N+  H+ He+ O2+ NO+ Clust TEC t/%
  60.0      -1 -1.000    -1    -1    -1  -1  -1  -1  -1  -1  -1  -1  -1.0  -1
  61.0      -1 -1.000    -1    -1    -1  -1  -1  -1  -1  -1  -1  -1  -1.0  -1
  62.0      -1 -1.000    -1    -1    -1  -1  -1  -1  -1  -1  -1  -1  -1.0  -1
  63.0      -1 -1.000    -1    -1    -1  -1  -1  -1  -1  -1  -1  -1  -1.0  -1
  64.0      -1 -1.000    -1    -1    -1  -1  -1  -1  -1  -1  -1  -1  -1.0  -1
  65.0     205  0.000    -1    -1    -1  -1  -1  -1  -1  -1  -1  -1  -1.0  -1
  66.0     255  0.001    -1    -1    -1  -1  -1  -1  -1  -1  -1  -1  -1.0  -1
  67.0     312  0.001    -1    -1    -1  -1  -1  -1  -1  -1  -1  -1  -1.0  -1
  68.0     374  0.001    -1    -1    -1  -1  -1  -1  -1  -1  -1  -1  -1.0  -1
  69.0     441  0.001    -1    -1    -1  -1  -1  -1  -1  -1  -1  -1  -1.0  -1
  70.0     512  0.001    -1    -1    -1  -1  -1  -1  -1  -1  -1  -1  -1.0  -1
  71.0     586  0.001    -1    -1    -1  -1  -1  -1  -1  -1  -1  -1  -1.0  -1
  72.0     662  0.001    -1    -1    -1  -1  -1  -1  -1  -1  -1  -1  -1.0  -1
  73.0     738  0.002    -1    -1    -1  -1  -1  -1  -1  -1  -1  -1  -1.0  -1
  74.0     814  0.002    -1    -1    -1  -1  -1  -1  -1  -1  -1  -1  -1.0  -1
  75.0     889  0.002    -1    -1    -1   0   0   0   0   4   6  90  -1.0  -1
  76.0     962  0.002    -1    -1    -1   0   0   0   0   5   8  86  -1.0  -1
  77.0    1033  0.002    -1    -1    -1   0   0   0   0   6  11  83  -1.0  -1
  78.0    1101  0.002    -1    -1    -1   0   0   0   0   8  13  79  -1.0  -1
  79.0    1168  0.003    -1    -1    -1   0   0   0   0   9  16  76  -1.0  -1
  80.0    1232  0.003    -1    -1    -1   0   0   0   0  10  18  72  -1.0  -1
  81.0    1296  0.003    -1    -1    -1   0   0   0   0  12  20  68  -1.0  -1
  82.0    1370  0.003    -1    -1    -1   0   0   0   0  14  23  63  -1.0  -1
  83.0    1518  0.003    -1    -1    -1   0   0   0   0  16  25  59  -1.0  -1
  84.0    1852  0.004    -1    -1    -1   0   0   0   0  18  28  54  -1.0  -1
  85.0    2613  0.006    -1    -1    -1   0   0   0   0  20  30  50  -1.0  -1
  86.0    4379  0.010    -1    -1    -1   0   0   0   0  22  36  42  -1.0  -1
  87.0    7271  0.016    -1    -1    -1   0   0   0   0  24  42  34  -1.0  -1
  88.0   11425  0.025    -1    -1    -1   0   0   0   0  26  48  26  -1.0  -1
  89.0   17055  0.037    -1    -1    -1   0   0   0   0  28  54  18  -1.0  -1
  90.0   24278  0.053    -1    -1    -1   0   0   0   0  30  60  10  -1.0  -1
  91.0   33078  0.073    -1    -1    -1   0   0   0   0  30  61   9  -1.0  -1
  92.0   43289  0.095    -1    -1    -1   0   0   0   0  31  61   8  -1.0  -1
  93.0   54604  0.120    -1    -1    -1   0   0   0   0  31  62   7  -1.0  -1
  94.0   66606  0.146    -1    -1    -1   0   0   0   0  32  62   6  -1.0  -1
  95.0   78819  0.173    -1    -1    -1   0   0   0   0  32  63   5  -1.0  -1
  96.0   90763  0.199    -1    -1    -1   0   0   0   0  31  65   4  -1.0  -1
  97.0  102005  0.224    -1    -1    -1   0   0   0   0  31  66   3  -1.0  -1
  98.0  112197  0.246    -1    -1    -1   0   0   0   0  30  68   2  -1.0  -1
  99.0  121101  0.265    -1    -1    -1   0   0   0   0  29  70   1  -1.0  -1
 100.0  128593  0.282    -1    -1    -1   0   0   0   0  29  71   0  -1.0  -1
 101.0  134653  0.295    -1    -1    -1   0   0   0   0  29  71   0  -1.0  -1
 102.0  139354  0.305    -1    -1    -1   0   0   0   0  30  70   0  -1.0  -1
 103.0  142831  0.313    -1    -1    -1   0   0   0   0  30  70   0  -1.0  -1
 104.0  145262  0.318    -1    -1    -1   0   0   0   0  30  70   0  -1.0  -1
 105.0  146849  0.322    -1    -1    -1   0   0   0   0  31  69   0  -1.0  -1
 106.0  147792  0.324    -1    -1    -1   0   0   0   0  31  69   0  -1.0  -1
 107.0  148281  0.325    -1    -1    -1   0   0   0   0  32  68   0  -1.0  -1
 108.0  148485  0.325    -1    -1    -1   0   0   0   0  32  68   0  -1.0  -1
 109.0  148540  0.326    -1    -1    -1   0   0   0   0  33  67   0  -1.0  -1
 110.0  148545  0.326    -1    -1    -1   0   0   0   0  33  67   0  -1.0  -1
 111.0  148335  0.325    -1    -1    -1   0   0   0   0  33  67   0  -1.0  -1
 112.0  147764  0.324    -1    -1    -1   0   0   0   0  34  66   0  -1.0  -1
 113.0  146926  0.322    -1    -1    -1   0   0   0   0  34  66   0  -1.0  -1
 114.0  145919  0.320    -1    -1    -1   0   0   0   0  35  65   0  -1.0  -1
 115.0  144840  0.317    -1    -1    -1   0   0   0   0  35  65   0  -1.0  -1
 116.0  143782  0.315    -1    -1    -1   0   0   0   0  36  64   0  -1.0  -1
 117.0  142831  0.313    -1    -1    -1   0   0   0   0  36  64   0  -1.0  -1
 118.0  142067  0.311    -1    -1    -1   0   0   0   0  37  63   0  -1.0  -1
 119.0  141556  0.310    -1    -1    -1   0   0   0   0  37  63   0  -1.0  -1
 120.0  141349  0.310   370   370   370   0   0   0   0  37  63   0  -1.0  -1
 121.0  141480  0.310   389   389   389   0   0   0   0  37  63   0  -1.0  -1
 122.0  141962  0.311   407   407   407   1   0   0   0  36  63   0  -1.0  -1
 123.0  142786  0.313   424   424   424   1   0   0   0  36  64   0  -1.0  -1
 124.0  143914  0.315   442   442   442   1   0   0   0  35  64   0  -1.0  -1
 125.0  145281  0.318   459   459   459   1   0   0   0  34  64   0  -1.0  -1
 126.0  146788  0.322   475   475   475   2   0   0   0  34  65   0  -1.0  -1
 127.0  148302  0.325   491   491   491   2   0   0   0  33  65   0  -1.0  -1
 128.0  149638  0.328   507   507   507   2   0   0   0  33  65   0  -1.0  -1
 129.0  150961  0.331   523   523   523   3   0   0   0  32  65   0  -1.0  -1
 130.0  152296  0.334   539   539   539   3   0   0   0  31  66   0  -1.0  -1
 131.0  153641  0.337   554   554   554   3   0   0   0  31  66   0  -1.0  -1
 132.0  154999  0.340   568   568   568   3   0   0   0  31  66   0  -1.0  -1
 133.0  156367  0.343   583   583   583   3   0   0   0  31  66   0  -1.0  -1
 134.0  157748  0.346   597   597   597   3   0   0   0  31  66   0  -1.0  -1
 135.0  159140  0.349   611   611   611   3   0   0   0  31  66   0  -1.0  -1
 136.0  160544  0.352   625   625   625   3   0   0   0  31  66   0  -1.0  -1
 137.0  161960  0.355   638   638   638   3   0   0   0  31  66   0  -1.0  -1
 138.0  163388  0.358   651   651   651   4   0   0   0  31  66   0  -1.0  -1
 139.0  164828  0.361   664   664   664   4   0   0   0  31  66   0  -1.0  -1
 140.0  166281  0.364   677   677   677   4   0   0   0  30  66   0  -1.0  -1
 141.0  167746  0.368   689   689   689   4   0   0   0  30  65   0  -1.0  -1
 142.0  169224  0.371   701   701   701   5   0   0   0  30  65   0  -1.0  -1
 143.0  170714  0.374   713   713   713   5   0   0   0  30  64   0  -1.0  -1
 144.0  172217  0.377   725   725   725   6   0   0   0  30  64   0  -1.0  -1
 145.0  173734  0.381   736   736   736   7   0   0   0  30  63   0  -1.0  -1
 146.0  175263  0.384   748   748   748   7   0   0   0  30  63   0  -1.0  -1
 147.0  176806  0.388   759   759   759   8   0   0   0  30  63   0  -1.0  -1
 148.0  178362  0.391   769   769   769   8   0   0   0  30  62   0  -1.0  -1
 149.0  179931  0.394   780   780   780   9   0   0   0  30  62   0  -1.0  -1
 150.0  181515  0.398   790   790   790   9   0   0   0  30  61   0  -1.0  -1
 151.0  183112  0.401   800   800   800  10   0   0   0  29  61   0  -1.0  -1
 152.0  184723  0.405   810   810   810  10   0   0   0  29  60   0  -1.0  -1
 153.0  186349  0.408   820   820   820  11   0   0   0  29  60   0  -1.0  -1
 154.0  187989  0.412   830   830   830  12   0   0   0  29  59   0  -1.0  -1
 155.0  189644  0.416   839   839   839  12   0   0   0  29  59   0  -1.0  -1
 156.0  191313  0.419   848   848   848  13   0   0   0  29  58   0  -1.0  -1
 157.0  192998  0.423   857   857   857  13   0   0   0  29  58   0  -1.0  -1
 158.0  194697  0.427   866   866   866  14   0   0   0  29  57   0  -1.0  -1
 159.0  196412  0.430   875   875   875  14   0   0   0  29  57   0  -1.0  -1
 160.0  198143  0.434   884   884   884  15   0   0   0  29  57   0  -1.0  -1
 161.0  199889  0.438   892   892   895  16   0   0   0  28  56   0  -1.0  -1
 162.0  201651  0.442   900   900   908  17   0   0   0  28  56   0  -1.0  -1
 163.0  203430  0.446   908   908   921  18   0   0   0  27  55   0  -1.0  -1
 164.0  205225  0.450   916   916   933  18   0   0   0  27  55   0  -1.0  -1
 165.0  207037  0.454   924   924   946  19   0   0   0  26  54   0  -1.0  -1
 166.0  208866  0.458   931   931   959  20   0   0   0  26  54   0  -1.0  -1
 167.0  210713  0.462   939   939   972  21   0   0   0  25  53   0  -1.0  -1
 168.0  212577  0.466   946   946   985  22   0   0   0  25  53   0  -1.0  -1
 169.0  214459  0.470   953   953   997  23   0   0   0  24  52   0  -1.0  -1
 170.0  216359  0.474   960   960  1010  24   0   0   0  24  52   0  -1.0  -1
 171.0  218278  0.478   967   967  1023  25   0   0   0  23  51   0  -1.0  -1
 172.0  220216  0.483   974   974  1036  26   0   0   0  23  51   0  -1.0  -1
 173.0  222173  0.487   980   980  1049  27   0   0   0  22  50   0  -1.0  -1
 174.0  224150  0.491   987   987  1062  28   0   0   0  22  50   0  -1.0  -1
 175.0  226148  0.496   993   993  1074  29   0   0   0  21  50   0  -1.0  -1
 176.0  228166  0.500  1000  1000  1087  30   0   0   0  21  49   0  -1.0  -1
 177.0  230205  0.505  1006  1006  1100  31   0   0   0  20  49   0  -1.0  -1
 178.0  232266  0.509  1012  1012  1113  32   0   0   0  20  48   0  -1.0  -1
 179.0  234349  0.514  1018  1018  1126  33   0   0   0  19  48   0  -1.0  -1
 180.0  236455  0.518  1023  1023  1138  34   0   0   0  19  47   0  -1.0  -1
 181.0  238584  0.523  1029  1029  1151  35   0   0   0  18  47   0  -1.0  -1
 182.0  240738  0.528  1035  1035  1164  36   0   0   0  18  46   0  -1.0  -1
 183.0  242916  0.532  1040  1040  1177  37   0   0   0  17  46   0  -1.0  -1
 184.0  245112  0.537  1045  1045  1190  38   0   0   0  17  45   0  -1.0  -1
 185.0  247290  0.542  1051  1051  1202  39   0   0   0  16  45   0  -1.0  -1
 186.0  249446  0.547  1056  1056  1215  40   0   0   0  16  44   0  -1.0  -1
 187.0  251580  0.551  1061  1061  1228  41   0   0   0  15  44   0  -1.0  -1
 188.0  253691  0.556  1066  1066  1241  41   0   0   0  15  44   0  -1.0  -1
 189.0  255778  0.561  1071  1071  1254  42   0   0   0  14  43   0  -1.0  -1
 190.0  257841  0.565  1075  1075  1266  43   0   0   0  14  43   0  -1.0  -1
 191.0  259877  0.570  1080  1080  1279  44   0   0   0  13  42   0  -1.0  -1
 192.0  261887  0.574  1085  1085  1292  45   0   0   0  13  42   0  -1.0  -1
 193.0  263871  0.578  1089  1089  1305  46   0   0   0  12  41   0  -1.0  -1
 194.0  265825  0.583  1093  1093  1318  47   0   0   0  12  41   0  -1.0  -1
 195.0  267752  0.587  1098  1098  1330  48   0   0   0  11  40   0  -1.0  -1
 196.0  269648  0.591  1102  1102  1343  49   0   0   0  11  40   0  -1.0  -1
 197.0  271513  0.595  1106  1106  1356  50   0   0   0  10  39   0  -1.0  -1
 198.0  273348  0.599  1110  1110  1369  51   0   0   0  10  39   0  -1.0  -1
 199.0  275149  0.603  1114  1114  1381  52   0   0   0   9  38   0  -1.0  -1
 200.0  276917  0.607  1118  1118  1394  53   0   0   0   9  38   0  -1.0  -1
 201.0  278651  0.611  1122  1122  1407  54   0   0   0   9  37   0  -1.0  -1
 202.0  280349  0.614  1126  1126  1420  56   0   0   0   9  36   0  -1.0  -1
 203.0  282011  0.618  1129  1129  1433  57   0   0   0   9  34   0  -1.0  -1
 204.0  283635  0.622  1133  1133  1445  58   0   0   0   8  33   0  -1.0  -1
 205.0  285220  0.625  1137  1137  1458  60   0   0   0   8  32   0  -1.0  -1
 206.0  286764  0.629  1140  1140  1471  61   0   0   0   8  31   0  -1.0  -1
 207.0  288268  0.632  1143  1143  1484  62   0   0   0   8  30   0  -1.0  -1
 208.0  289728  0.635  1147  1147  1496  64   0   0   0   8  28   0  -1.0  -1
 209.0  291144  0.638  1150  1150  1509  65   0   0   0   8  27   0  -1.0  -1
 210.0  292513  0.641  1153  1153  1522  67   0   0   0   8  26   0  -1.0  -1
 211.0  293834  0.644  1156  1156  1535  68   0   0   0   7  25   0  -1.0  -1
 212.0  295105  0.647  1160  1160  1547  69   0   0   0   7  24   0  -1.0  -1
 213.0  296323  0.649  1163  1163  1560  71   0   0   0   7  22   0  -1.0  -1
 214.0  297486  0.652  1166  1166  1573  72   0   0   0   7  21   0  -1.0  -1
 215.0  298590  0.654  1169  1169  1585  73   0   0   0   7  20   0  -1.0  -1
 216.0  299631  0.657  1171  1171  1598  75   0   0   0   7  19   0  -1.0  -1
 217.0  300606  0.659  1174  1174  1611  76   0   0   0   6  18   0  -1.0  -1
 218.0  301507  0.661  1177  1177  1624  77   0   0   0   6  16   0  -1.0  -1
 219.0  302329  0.663  1180  1180  1636  79   0   0   0   6  15   0  -1.0  -1
 220.0  303061  0.664  1182  1182  1649  80   0   0   0   6  14   0  -1.0  -1
 221.0  303687  0.666  1185  1185  1662  81   0   0   0   6  14   0  -1.0  -1
 222.0  304182  0.667  1188  1188  1674  81   0   0   0   6  13   0  -1.0  -1
 223.0  304475  0.667  1190  1190  1687  82   0   0   0   6  13   0  -1.0  -1
 224.0  307744  0.675  1193  1193  1700  82   0   0   0   5  12   0  -1.0  -1
 225.0  311162  0.682  1195  1195  1712  83   0   0   0   5  12   0  -1.0  -1
 226.0  314572  0.689  1197  1197  1725  84   0   0   0   5  11   0  -1.0  -1
 227.0  317972  0.697  1200  1200  1738  84   0   0   0   5  11   0  -1.0  -1
 228.0  321362  0.704  1202  1202  1750  85   0   0   0   5  11   0  -1.0  -1
 229.0  324740  0.712  1204  1204  1763  85   0   0   0   5  10   0  -1.0  -1
 230.0  328106  0.719  1206  1206  1776  86   0   0   0   4  10   0  -1.0  -1
 231.0  331457  0.726  1209  1209  1788  87   0   0   0   4   9   0  -1.0  -1
 232.0  334792  0.734  1211  1211  1801  87   0   0   0   4   9   0  -1.0  -1
 233.0  338111  0.741  1213  1213  1814  88   0   0   0   4   8   0  -1.0  -1
 234.0  341411  0.748  1215  1215  1826  88   0   0   0   4   8   0  -1.0  -1
 235.0  344692  0.755  1217  1217  1839  89   0   0   0   4   8   0  -1.0  -1
 236.0  347952  0.763  1219  1219  1852  90   0   0   0   3   7   0  -1.0  -1
 237.0  351190  0.770  1221  1221  1864  90   0   0   0   3   7   0  -1.0  -1
 238.0  354405  0.777  1223  1223  1877  91   0   0   0   3   6   0  -1.0  -1
 239.0  357594  0.784  1224  1224  1890  91   0   0   0   3   6   0  -1.0  -1
 240.0  360757  0.791  1226  1226  1902  92   0   0   0   3   5   0  -1.0  -1
 241.0  363892  0.798  1228  1228  1915  93   0   0   0   3   5   0  -1.0  -1
 242.0  366999  0.804  1230  1230  1928  93   0   0   0   2   4   0  -1.0  -1
 243.0  370075  0.811  1231  1231  1940  94   0   0   0   2   4   0  -1.0  -1
 244.0  373119  0.818  1233  1233  1953  94   0   0   0   2   4   0  -1.0  -1
 245.0  376130  0.824  1235  1235  1965  95   0   0   0   2   3   0  -1.0  -1
 246.0  379107  0.831  1236  1236  1978  96   0   0   0   2   3   0  -1.0  -1
 247.0  382047  0.837  1238  1238  1991  96   0   0   0   2   2   0  -1.0  -1
 248.0  384951  0.844  1240  1240  2003  97   0   0   0   1   2   0  -1.0  -1
 249.0  387815  0.850  1241  1241  2016  97   0   0   0   1   1   0  -1.0  -1
 250.0  390640  0.856  1243  1243  2029  98   0   0   0   1   1   0  -1.0  -1
 251.0  393423  0.862  1244  1244  2041  98   0   0   0   1   1   0  -1.0  -1
 252.0  396163  0.868  1246  1246  2054  98   0   0   0   1   1   0  -1.0  -1
 253.0  398860  0.874  1247  1247  2067  98   0   0   0   1   1   0  -1.0  -1
 254.0  401510  0.880  1248  1248  2079  98   0   0   0   1   1   0  -1.0  -1
 255.0  404114  0.886  1250  1250  2092  98   0   0   0   1   1   0  -1.0  -1
 256.0  406670  0.891  1251  1251  2105  98   0   0   0   1   1   0  -1.0  -1
 257.0  409176  0.897  1252  1252  2117  98   0   0   0   1   1   0  -1.0  -1
 258.0  411631  0.902  1254  1254  2130  98   0   0   0   1   1   0  -1.0  -1
 259.0  414034  0.907  1255  1255  2143  98   0   0   0   1   1   0  -1.0  -1
 260.0  416383  0.913  1256  1256  2155  98   0   0   0   1   1   0  -1.0  -1
 261.0  418678  0.918  1257  1257  2168  98   0   0   0   1   1   0  -1.0  -1
 262.0  420917  0.923  1259  1259  2181  98   0   0   0   1   1   0  -1.0  -1
 263.0  423098  0.927  1260  1260  2193  98   0   0   0   1   1   0  -1.0  -1
 264.0  425221  0.932  1261  1261  2206  98   0   0   0   1   1   0  -1.0  -1
 265.0  427285  0.937  1262  1262  2219  98   0   0   0   1   1   0  -1.0  -1
 266.0  429287  0.941  1263  1263  2231  98   0   0   0   1   1   0  -1.0  -1
 267.0  431227  0.945  1264  1264  2244  98   0   0   0   1   1   0  -1.0  -1
 268.0  433103  0.949  1265  1265  2257  98   0   0   0   1   1   0  -1.0  -1
 269.0  434915  0.953  1266  1266  2269  98   0   0   0   1   1   0  -1.0  -1
 270.0  436662  0.957  1267  1267  2282  98   0   0   0   1   1   0  -1.0  -1
 271.0  438341  0.961  1268  1268  2294  98   0   0   0   1   1   0  -1.0  -1
 272.0  439953  0.964  1269  1269  2307  98   0   0   0   1   1   0  -1.0  -1
 273.0  441496  0.968  1270  1270  2320  98   0   0   0   1   1   0  -1.0  -1
 274.0  442968  0.971  1271  1271  2332  98   0   0   0   1   1   0  -1.0  -1
 275.0  444369  0.974  1272  1272  2345  98   0   0   0   1   1   0  -1.0  -1
 276.0  445698  0.977  1273  1273  2357  98   0   0   0   1   1   0  -1.0  -1
 277.0  446954  0.980  1274  1274  2370  98   0   0   0   1   1   0  -1.0  -1
 278.0  448135  0.982  1275  1275  2382  98   0   0   0   1   1   0  -1.0  -1
 279.0  449241  0.985  1276  1276  2395  98   0   0   0   1   1   0  -1.0  -1
 280.0  450271  0.987  1277  1277  2407  98   0   0   0   1   1   0  -1.0  -1
 281.0  451223  0.989  1277  1277  2420  98   0   0   0   1   1   0  -1.0  -1
 282.0  452096  0.991  1278  1278  2432  98   0   0   0   1   1   0  -1.0  -1
 283.0  452891  0.993  1279  1279  2444  98   0   0   0   1   1   0  -1.0  -1
 284.0  453604  0.994  1280  1280  2457  98   0   0   0   1   1   0  -1.0  -1
 285.0  454236  0.996  1281  1281  2469  98   0   0   0   1   1   0  -1.0  -1
 286.0  454785  0.997  1281  1281  2481  98   0   0   0   1   1   0  -1.0  -1
 287.0  455250  0.998  1282  1282  2492  98   0   0   0   1   1   0  -1.0  -1
 288.0  455630  0.999  1283  1283  2504  98   0   0   0   1   1   0  -1.0  -1
 289.0  455921  0.999  1284  1284  2515  98   0   0   0   1   1   0  -1.0  -1
 290.0  456124  1.000  1284  1284  2527  98   0   0   0   1   1   0  -1.0  -1
 291.0  456232  1.000  1285  1285  2538  98   0   0   0   1   1   0  -1.0  -1
 292.0  456249  1.000  1286  1286  2548  98   0   0   0   1   1   0  -1.0  -1
 293.0  456235  1.000  1286  1286  2558  98   0   0   0   1   1   0  -1.0  -1
 294.0  456207  1.000  1287  1287  2568  98   0   0   0   1   1   0  -1.0  -1
 295.0  456163  1.000  1288  1288  2578  98   0   0   0   1   1   0  -1.0  -1
 296.0  456103  1.000  1288  1288  2586  98   0   0   0   1   1   0  -1.0  -1
 297.0  456028  1.000  1289  1289  2595  98   0   0   0   1   1   0  -1.0  -1
 298.0  455938  0.999  1289  1289  2602  98   0   0   0   1   1   0  -1.0  -1
 299.0  455833  0.999  1290  1290  2609  98   0   0   0   1   1   0  -1.0  -1
 300.0  455712  0.999  1291  1291  2615  98   0   0   0   1   1   0  -1.0  -1
 305.0  454881  0.997  1293  1293  2637  98   2   0   0   0   0   0  -1.0  -1
 310.0  453674  0.994  1296  1296  2646  98   2   0   0   0   0   0  -1.0  -1
 315.0  452098  0.991  1298  1298  2648  98   2   0   0   0   0   0  -1.0  -1
 320.0  450162  0.987  1300  1300  2646  98   2   0   0   0   0   0  -1.0  -1
 325.0  447875  0.982  1302  1302  2643  98   2   0   0   0   0   0  -1.0  -1
 330.0  445249  0.976  1304  1304  2640  97   3   0   0   0   0   0  -1.0  -1
 335.0  442296  0.969  1305  1305  2636  97   3   0   0   0   0   0  -1.0  -1
 340.0  439030  0.962  1307  1307  2633  97   3   0   0   0   0   0  -1.0  -1
 345.0  435466  0.954  1308  1313  2629  97   3   0   0   0   0   0  -1.0  -1
 350.0  431619  0.946  1309  1320  2626  97   3   0   0   0   0   0  -1.0  -1
 355.0  427507  0.937  1310  1327  2622  96   4   0   0   0   0   0  -1.0  -1
 360.0  423145  0.927  1311  1334  2619  96   4   0   0   0   0   0  -1.0  -1
 365.0  418553  0.917  1312  1340  2615  96   4   0   0   0   0   0  -1.0  -1
 370.0  413748  0.907  1313  1347  2612  96   4   0   0   0   0   0  -1.0  -1
 375.0  408748  0.896  1314  1354  2609  95   5   0   0   0   0   0  -1.0  -1
 380.0  403572  0.885  1315  1361  2607  95   5   0   0   0   0   0  -1.0  -1
 385.0  398239  0.873  1315  1367  2605  95   5   0   0   0   0   0  -1.0  -1
 390.0  392766  0.861  1316  1374  2603  95   5   0   0   0   0   0  -1.0  -1
 395.0  387172  0.849  1316  1381  2603  95   5   0   0   0   0   0  -1.0  -1
 400.0  381474  0.836  1317  1388  2605  95   5   0   0   0   0   0  -1.0  -1
 405.0  375690  0.823  1317  1395  2607  95   5   0   0   0   0   0  -1.0  -1
 410.0  369836  0.811  1318  1403  2611  95   5   0   0   0   0   0  -1.0  -1
 415.0  363928  0.798  1318  1411  2616  95   5   0   0   0   0   0  -1.0  -1
 420.0  357982  0.785  1318  1420  2621  95   5   0   0   0   0   0  -1.0  -1
 425.0  352013  0.772  1319  1429  2628  95   5   0   0   0   0   0  -1.0  -1
 430.0  346035  0.758  1319  1439  2634  95   5   0   0   0   0   0  -1.0  -1
 435.0  340059  0.745  1319  1451  2641  95   5   0   0   0   0   0  -1.0  -1
 440.0  334101  0.732  1319  1463  2648  95   5   0   0   0   0   0  -1.0  -1
 445.0  328170  0.719  1320  1476  2655  95   5   0   0   0   0   0  -1.0  -1
 450.0  322277  0.706  1320  1490  2663  95   5   0   0   0   0   0  -1.0  -1
 455.0  316432  0.694  1320  1504  2670  95   5   0   0   0   0   0  -1.0  -1
 460.0  310644  0.681  1320  1519  2677  95   5   0   0   0   0   0  -1.0  -1
 465.0  304923  0.668  1320  1533  2684  95   5   0   0   0   0   0  -1.0  -1
 470.0  299273  0.656  1320  1548  2692  95   5   0   0   0   0   0  -1.0  -1
 475.0  293704  0.644  1321  1563  2699  95   5   0   0   0   0   0  -1.0  -1
 480.0  288221  0.632  1321  1578  2706  94   5   0   0   0   0   0  -1.0  -1
 485.0  282828  0.620  1321  1593  2714  94   5   0   0   0   0   0  -1.0  -1
 490.0  277531  0.608  1321  1608  2721  94   5   0   0   0   0   0  -1.0  -1
 495.0  272333  0.597  1321  1623  2728  94   5   0   0   0   0   0  -1.0  -1
 500.0  267238  0.586  1321  1638  2736  94   5   0   0   0   0   0  -1.0  -1
 505.0  262248  0.575  1321  1653  2743  94   6   0   0   0   0   0  -1.0  -1
 510.0  257366  0.564  1321  1668  2750  94   6   0   0   0   0   0  -1.0  -1
 515.0  252593  0.554  1321  1683  2757  94   6   0   0   0   0   0  -1.0  -1
 520.0  247931  0.543  1321  1698  2765  94   6   0   0   0   0   0  -1.0  -1
 525.0  243380  0.533  1321  1713  2772  94   6   0   0   0   0   0  -1.0  -1
 530.0  238942  0.524  1321  1728  2779  94   6   0   0   0   0   0  -1.0  -1
 535.0  234615  0.514  1321  1743  2786  93   6   1   0   0   0   0  -1.0  -1
 540.0  230400  0.505  1321  1758  2794  93   6   1   0   0   0   0  -1.0  -1
 545.0  226297  0.496  1321  1773  2801  93   6   1   0   0   0   0  -1.0  -1
 550.0  222304  0.487  1322  1788  2808  93   6   1   0   0   0   0  -1.0  -1
 555.0  218421  0.479  1322  1803  2815  93   6   1   0   0   0   0  -1.0  -1
 560.0  214647  0.470  1322  1818  2822  93   6   1   1   0   0   0  -1.0  -1
 565.0  210978  0.462  1322  1833  2828  93   6   1   1   0   0   0  -1.0  -1
 570.0  207416  0.455  1322  1848  2835  92   6   1   1   0   0   0  -1.0  -1
 575.0  203957  0.447  1322  1863  2842  92   6   1   1   0   0   0  -1.0  -1
 580.0  200600  0.440  1322  1878  2848  92   6   1   1   0   0   0  -1.0  -1
 585.0  197343  0.433  1322  1893  2855  92   6   1   1   0   0   0  -1.0  -1
 590.0  194183  0.426  1322  1908  2861  92   6   1   1   0   0   0  -1.0  -1
 595.0  191120  0.419  1322  1923  2866  92   6   1   1   0   0   0  -1.0  -1
 600.0  188150  0.412  1322  1938  2872  91   6   1   1   0   0   0  -1.0  -1
 605.0  185272  0.406  1322  1953  2878  91   6   1   1   0   0   0  -1.0  -1
 610.0  182483  0.400  1322  1968  2883  91   6   2   1   0   0   0  -1.0  -1
 615.0  179781  0.394  1322  1983  2888  91   6   2   1   0   0   0  -1.0  -1
 620.0  177164  0.388  1322  1998  2892  91   6   2   1   0   0   0  -1.0  -1
 625.0  174630  0.383  1322  2013  2897  91   6   2   1   0   0   0  -1.0  -1
 630.0  172176  0.377  1322  2028  2902  90   6   2   1   0   0   0  -1.0  -1
 635.0  169800  0.372  1322  2043  2906  90   7   2   1   0   0   0  -1.0  -1
 640.0  167501  0.367  1322  2058  2910  90   7   2   1   0   0   0  -1.0  -1
 645.0  165275  0.362  1322  2073  2914  90   7   2   1   0   0   0  -1.0  -1
 650.0  163121  0.358  1322  2088  2918  89   7   2   2   0   0   0  -1.0  -1
 655.0  161036  0.353  1322  2103  2922  89   7   3   2   0   0   0  -1.0  -1
 660.0  159019  0.349  1322  2118  2926  89   7   3   2   0   0   0  -1.0  -1
 665.0  157068  0.344  1322  2133  2930  89   7   3   2   0   0   0  -1.0  -1
 670.0  155180  0.340  1322  2148  2934  88   6   3   2   0   0   0  -1.0  -1
 675.0  153352  0.336  1322  2163  2938  88   6   3   2   0   0   0  -1.0  -1
 680.0  151585  0.332  1322  2178  2942  88   6   3   2   0   0   0  -1.0  -1
 685.0  149876  0.328  1322  2193  2945  88   6   4   2   0   0   0  -1.0  -1
 690.0  148222  0.325  1322  2208  2949  87   6   4   2   0   0   0  -1.0  -1
 695.0  146623  0.321  1322  2223  2953  87   6   4   3   0   0   0  -1.0  -1
 700.0  145076  0.318  1322  2238  2957  87   6   4   3   0   0   0  -1.0  -1
 705.0  143579  0.315  1322  2253  2961  86   6   5   3   0   0   0  -1.0  -1
 710.0  142132  0.312  1322  2268  2964  86   6   5   3   0   0   0  -1.0  -1
 715.0  140732  0.308  1322  2282  2968  85   6   5   3   0   0   0  -1.0  -1
 720.0  139378  0.305  1322  2297  2972  85   6   5   3   0   0   0  -1.0  -1
 725.0  138068  0.303  1322  2312  2976  85   6   6   3   0   0   0  -1.0  -1
 730.0  136801  0.300  1322  2327  2979  84   6   6   4   0   0   0  -1.0  -1
 735.0  135575  0.297  1322  2342  2983  84   6   6   4   0   0   0  -1.0  -1
 740.0  134390  0.295  1322  2357  2987  83   6   7   4   0   0   0  -1.0  -1
 745.0  133244  0.292  1322  2372  2991  83   6   7   4   0   0   0  -1.0  -1
 750.0  132135  0.290  1322  2387  2994  82   6   8   4   0   0   0  -1.0  -1
 755.0  131062  0.287  1322  2402  2998  82   6   8   5   0   0   0  -1.0  -1
 760.0  130024  0.285  1322  2417  3002  81   6   8   5   0   0   0  -1.0  -1
 765.0  129020  0.283  1322  2432  3006  81   6   9   5   0   0   0  -1.0  -1
 770.0  128049  0.281  1322  2447  3009  80   5   9   5   0   0   0  -1.0  -1
 775.0  127110  0.279  1322  2462  3013  79   5  10   5   0   0   0  -1.0  -1
 780.0  126201  0.277  1322  2477  3017  79   5  10   6   0   0   0  -1.0  -1
 785.0  125322  0.275  1322  2492  3020  78   5  11   6   0   0   0  -1.0  -1
 790.0  124471  0.273  1322  2507  3024  77   5  11   6   0   0   0  -1.0  -1
 795.0  123648  0.271  1322  2522  3028  77   5  12   6   0   0   0  -1.0  -1
 800.0  122852  0.269  1322  2537  3032  76   5  13   7   0   0   0  -1.0  -1
 805.0  122081  0.268  1322  2552  3035  75   5  13   7   0   0   0  -1.0  -1
 810.0  121336  0.266  1322  2567  3039  74   5  14   7   0   0   0  -1.0  -1
 815.0  120615  0.264  1322  2582  3043  74   5  15   7   0   0   0  -1.0  -1
 820.0  119917  0.263  1322  2597  3047  73   4  15   8   0   0   0  -1.0  -1
 825.0  119241  0.261  1322  2612  3050  72   4  16   8   0   0   0  -1.0  -1
 830.0  118588  0.260  1322  2627  3054  71   4  17   8   0   0   0  -1.0  -1
 835.0  117955  0.259  1322  2642  3058  70   4  18   8   0   0   0  -1.0  -1
 840.0  117343  0.257  1322  2657  3062  69   4  18   9   0   0   0  -1.0  -1
 845.0  116751  0.256  1322  2672  3065  68   4  19   9   0   0   0  -1.0  -1
 850.0  116177  0.255  1322  2687  3069  67   4  20   9   0   0   0  -1.0  -1
 855.0  115622  0.253  1322  2702  3073  66   4  21   9   0   0   0  -1.0  -1
 860.0  115085  0.252  1322  2717  3077  65   4  22  10   0   0   0  -1.0  -1
 865.0  114565  0.251  1322  2732  3080  64   3  23  10   0   0   0  -1.0  -1
 870.0  114062  0.250  1322  2747  3084  63   3  24  10   0   0   0  -1.0  -1
 875.0  113575  0.249  1322  2762  3088  62   3  24  10   0   0   0  -1.0  -1
 880.0  113103  0.248  1322  2777  3092  61   3  25  11   0   0   0  -1.0  -1
 885.0  112647  0.247  1322  2792  3095  60   3  26  11   0   0   0  -1.0  -1
 890.0  112205  0.246  1322  2807  3099  59   3  27  11   0   0   0  -1.0  -1
 895.0  111777  0.245  1322  2822  3103  57   3  28  11   0   0   0  -1.0  -1
 900.0  111363  0.244  1322  2837  3107  56   3  30  12   0   0   0  -1.0  -1
 905.0  110961  0.243  1322  2852  3110  55   3  31  12   0   0   0  -1.0  -1
 910.0  110573  0.242  1322  2867  3114  54   2  32  12   0   0   0  -1.0  -1
 915.0  110197  0.242  1322  2882  3118  53   2  33  12   0   0   0  -1.0  -1
 920.0  109833  0.241  1322  2897  3122  52   2  34  12   0   0   0  -1.0  -1
 925.0  109481  0.240  1322  2912  3125  50   2  35  13   0   0   0  -1.0  -1
 930.0  109140  0.239  1322  2927  3129  49   2  36  13   0   0   0  -1.0  -1
 935.0  108809  0.238  1322  2942  3133  48   2  37  13   0   0   0  -1.0  -1
 940.0  108489  0.238  1322  2957  3137  47   2  38  13   0   0   0  -1.0  -1
 945.0  108180  0.237  1322  2972  3140  46   2  39  13   0   0   0  -1.0  -1
 950.0  107879  0.236  1322  2987  3144  44   2  41  13   0   0   0  -1.0  -1
 955.0  107589  0.236  1322  3002  3148  43   2  42  13   0   0   0  -1.0  -1
 960.0  107308  0.235  1322  3017  3152  42   1  43  13   0   0   0  -1.0  -1
 965.0  107035  0.235  1322  3032  3155  41   1  44  14   0   0   0  -1.0  -1
 970.0  106771  0.234  1322  3047  3159  40   1  45  14   0   0   0  -1.0  -1
 975.0  106516  0.233  1322  3062  3163  39   1  46  14   0   0   0  -1.0  -1
 980.0  106268  0.233  1322  3077  3166  37   1  48  14   0   0   0  -1.0  -1
 985.0  106028  0.232  1322  3092  3170  36   1  49  14   0   0   0  -1.0  -1
 990.0  105796  0.232  1322  3106  3174  35   1  50  14   0   0   0  -1.0  -1
 995.0  105572  0.231  1322  3120  3178  34   1  51  14   0   0   0  -1.0  -1
1000.0  105354  0.231  1322  3134  3181  33   1  52  14   0   0   0  -1.0  -1
1010.0  104938  0.230  1322  3160  3189  31   1  54  14   0   0   0  -1.0  -1
1020.0  104549  0.229  1322  3181  3196  29   1  57  14   0   0   0  -1.0  -1
1030.0  104184  0.228  1322  3197  3204  27   1  59  13   0   0   0  -1.0  -1
1040.0  103840  0.228  1322  3209  3211  25   1  61  13   0   0   0  -1.0  -1
1050.0  103519  0.227  1322  3218  3219  24   0  63  13   0   0   0  -1.0  -1
1060.0  103217  0.226  1322  3226  3226  22   0  65  12   0   0   0  -1.0  -1
1070.0  102933  0.226  1322  3234  3234  20   0  67  12   0   0   0  -1.0  -1
1080.0  102668  0.225  1322  3241  3241  19   0  69  12   0   0   0  -1.0  -1
1090.0  102418  0.224  1322  3249  3249  17   0  71  11   0   0   0  -1.0  -1
1100.0  102183  0.224  1322  3256  3256  16   0  73  11   0   0   0  -1.0  -1
1110.0  101964  0.223  1322  3264  3264  15   0  75  10   0   0   0  -1.0  -1
1120.0  101757  0.223  1322  3271  3271  14   0  76  10   0   0   0  -1.0  -1
1130.0  101564  0.223  1322  3279  3279  13   0  78  10   0   0   0  -1.0  -1
1140.0  101382  0.222  1322  3286  3286  12   0  79   9   0   0   0  -1.0  -1
1150.0  101211  0.222  1322  3294  3294  11   0  80   9   0   0   0  -1.0  -1
1160.0  101051  0.221  1322  3301  3301  10   0  82   9   0   0   0  -1.0  -1
1170.0  100901  0.221  1322  3309  3309   9   0  83   8   0   0   0  -1.0  -1
1180.0  100759  0.221  1322  3316  3316   8   0  84   8   0   0   0  -1.0  -1
1190.0  100627  0.221  1322  3324  3324   8   0  84   8   0   0   0  -1.0  -1
1200.0  100503  0.220  1322  3331  3331   7   0  85   8   0   0   0  -1.0  -1
1210.0  100386  0.220  1322  3339  3339   7   0  85   8   0   0   0  -1.0  -1
1220.0  100276  0.220  1322  3346  3346   7   0  85   8   0   0   0  -1.0  -1
1230.0  100173  0.220  1322  3354  3354   6   0  86   8   0   0   0  -1.0  -1
1240.0  100077  0.219  1322  3361  3361   6   0  86   8   0   0   0  -1.0  -1
1250.0   99986  0.219  1322  3369  3369   6   0  86   8   0   0   0  -1.0  -1
1260.0   99901  0.219  1322  3376  3376   5   0  86   8   0   0   0  -1.0  -1
1270.0   99821  0.219  1322  3384  3384   5   0  87   8   0   0   0  -1.0  -1
1280.0   99746  0.219  1322  3391  3391   5   0  87   8   0   0   0  -1.0  -1
1290.0   99676  0.218  1322  3399  3399   5   0  87   8   0   0   0  -1.0  -1
1300.0   99610  0.218  1322  3406  3406   4   0  87   8   0   0   0  -1.0  -1
1310.0   99548  0.218  1322  3414  3414   4   0  88   8   0   0   0  -1.0  -1
1320.0   99489  0.218  1322  3421  3421   4   0  88   8   0   0   0  -1.0  -1
1330.0   99435  0.218  1322  3429  3429   4   0  88   8   0   0   0  -1.0  -1
1340.0   99383  0.218  1322  3436  3436   4   0  88   8   0   0   0  -1.0  -1
1350.0   99335  0.218  1322  3443  3443   3   0  88   8   0   0   0  -1.0  -1
1360.0   99290  0.218  1322  3451  3451   3   0  89   8   0   0   0  -1.0  -1
1370.0   99247  0.218  1322  3458  3458   3   0  89   8   0   0   0  -1.0  -1
1380.0   99208  0.217  1322  3465  3465   3   0  89   8   0   0   0  -1.0  -1
1390.0   99170  0.217  1322  3472  3472   3   0  89   8   0   0   0  -1.0  -1
1400.0   99135  0.217  1322  3479  3479   3   0  89   8   0   0   0  -1.0  -1
1410.0   99102  0.217  1322  3485  3485   2   0  89   8   0   0   0  -1.0  -1
1420.0   99071  0.217  1322  3492  3492   2   0  89   8   0   0   0  -1.0  -1
1430.0   99042  0.217  1322  3498  3498   2   0  90   8   0   0   0  -1.0  -1
1440.0   99015  0.217  1322  3504  3504   2   0  90   8   0   0   0  -1.0  -1
1450.0   98989  0.217  1322  3510  3510   2   0  90   8   0   0   0  -1.0  -1
1460.0   98965  0.217  1322  3516  3516   2   0  90   8   0   0   0  -1.0  -1
1470.0   98943  0.217  1322  3522  3522   2   0  90   8   0   0   0  -1.0  -1
1480.0   98921  0.217  1322  3528  3528   2   0  90   8   0   0   0  -1.0  -1
1490.0   98902  0.217  1322  3534  3534   1   0  90   8   0   0   0  -1.0  -1
1500.0   98882  0.217  1322  3540  3540   1   0  90   8   0   0   0  -1.0  -1
1510.0   98865  0.217  1322  3546  3546   1   0  90   8   0   0   0  -1.0  -1
1520.0   98849  0.217  1322  3552  3552   1   0  90   8   0   0   0  -1.0  -1
1530.0   98833  0.217  1322  3558  3558   1   0  90   8   0   0   0  -1.0  -1
1540.0   98819  0.217  1322  3564  3564   1   0  91   8   0   0   0  -1.0  -1
1550.0   98805  0.217  1322  3570  3570   1   0  91   8   0   0   0  -1.0  -1
1560.0   98792  0.217  1322  3575  3575   1   0  91   8   0   0   0  -1.0  -1
1570.0   98781  0.217  1322  3581  3581   1   0  91   8   0   0   0  -1.0  -1
1580.0   98769  0.216  1322  3587  3587   1   0  91   8   0   0   0  -1.0  -1
1590.0   98758  0.216  1322  3593  3593   1   0  91   8   0   0   0  -1.0  -1
1600.0   98749  0.216  1322  3599  3599   1   0  91   8   0   0   0  -1.0  -1
1610.0   98739  0.216  1322  3605  3605   1   0  91   8   0   0   0  -1.0  -1
1620.0   98731  0.216  1322  3611  3611   1   0  91   8   0   0   0  -1.0  -1
1630.0   98723  0.216  1322  3617  3617   1   0  91   8   0   0   0  -1.0  -1
1640.0   98715  0.216  1322  3623  3623   1   0  91   8   0   0   0  -1.0  -1
1650.0   98708  0.216  1322  3629  3629   1   0  91   8   0   0   0  -1.0  -1
1660.0   98701  0.216  1322  3634  3634   0   0  91   8   0   0   0  -1.0  -1
1670.0   98694  0.216  1322  3640  3640   0   0  92   8   0   0   0  -1.0  -1
1680.0   98688  0.216  1322  3646  3646   0   0  92   8   0   0   0  -1.0  -1
1690.0   98683  0.216  1322  3652  3652   0   0  92   8   0   0   0  -1.0  -1
1700.0   98677  0.216  1322  3658  3658   0   0  92   8   0   0   0  -1.0  -1
1710.0   98673  0.216  1322  3664  3664   0   0  92   8   0   0   0  -1.0  -1
1720.0   98668  0.216  1322  3670  3670   0   0  92   8   0   0   0  -1.0  -1
1730.0   98663  0.216  1322  3676  3676   0   0  92   8   0   0   0  -1.0  -1
1740.0   98660  0.216  1322  3682  3682   0   0  92   8   0   0   0  -1.0  -1
1750.0   98655  0.216  1322  3688  3688   0   0  92   8   0   0   0  -1.0  -1
1760.0   98652  0.216  1322  3693  3693   0   0  92   8   0   0   0  -1.0  -1
1770.0   98649  0.216  1322  3699  3699   0   0  92   8   0   0   0  -1.0  -1
1780.0   98645  0.216  1322  3705  3705   0   0  92   8   0   0   0  -1.0  -1
1790.0   98643  0.216  1322  3711  3711   0   0  92   8   0   0   0  -1.0  -1
1800.0   98640  0.216  1322  3717  3717   0   0  92   8   0   0   0  -1.0  -1
1810.0   98637  0.216  1322  3723  3723   0   0  92   8   0   0   0  -1.0  -1
1820.0   98635  0.216  1322  3729  3729   0   0  92   8   0   0   0  -1.0  -1
1830.0   98632  0.216  1322  3735  3735   0   0  92   8   0   0   0  -1.0  -1
1840.0   98630  0.216  1322  3741  3741   0   0  92   8   0   0   0  -1.0  -1
1850.0   98628  0.216  1322  3747  3747   0   0  92   8   0   0   0  -1.0  -1
1860.0   98626  0.216  1322  3752  3752   0   0  92   8   0   0   0  -1.0  -1
1870.0   98624  0.216  1322  3758  3758   0   0  92   8   0   0   0  -1.0  -1
1880.0   98623  0.216  1322  3764  3764   0   0  92   8   0   0   0  -1.0  -1
1890.0   98621  0.216  1322  3770  3770   0   0  92   8   0   0   0  -1.0  -1
1900.0   98620  0.216  1322  3776  3776   0   0  92   8   0   0   0  -1.0  -1
1910.0   98619  0.216  1322  3782  3782   0   0  92   8   0   0   0  -1.0  -1
1920.0   98617  0.216  1322  3788  3788   0   0  92   8   0   0   0  -1.0  -1
1930.0   98616  0.216  1322  3794  3794   0   0  92   8   0   0   0  -1.0  -1
1940.0   98615  0.216  1322  3800  3800   0   0  92   8   0   0   0  -1.0  -1
1950.0   98613  0.216  1322  3806  3806   0   0  92   8   0   0   0  -1.0  -1
1960.0   98613  0.216  1322  3812  3812   0   0  92   8   0   0   0  -1.0  -1
1970.0   98611  0.216  1322  3817  3817   0   0  92   8   0   0   0  -1.0  -1
1980.0   98611  0.216  1322  3823  3823   0   0  92   8   0   0   0  -1.0  -1
1990.0   98610  0.216  1322  3829  3829   0   0  92   8   0   0   0  -1.0  -1
2000.0   98608  0.216  1322  3835  3835   0   0  92   8   0   0   0  -1.0  -1
