% Winter daytime ionosphere electron density at HAARP location
% ---------------------------------------------------------------------------
% Created on 2006-06-09
% International Reference Ionosphere - IRI-2001
% http://modelweb.gsfc.nasa.gov/models/iri.html
% LOCAL TIME IS USED
% ---------------------------------------------------------------------------
% ModelWeb Browser Results
% iri model listing
% Input parameters
% year= 2000., month= 01, day= 01, hour=14.,
% latitude= 62.39, longitude= 214.85, height= 100.
% Prof. parameters: start= 60. stop= 100. step= 1.
% 
% URSI maps are used for the F2 peak density (NmF2)
% CCIR maps are used for the F2 peak height (hmF2)
% B0-Table option is used for the bottomside thickness parameter B0
% Danilov- option is used for the ion composition
% The foF2 STORM model is turned on 
% IRI-95    option is used for the electron temperature
% IRI-95   option is used for the D-region Ne
% Scotto-97 no L   option is used for the F1 occurrence probability
% Peak Densities/cm-3: NmF2=1125424.1   NmF1=      0.0   NmE=  34429.0
% Peak Heights/km:     hmF2=   281.45   hmF1=     0.00   hmE=   110.00
% 
% Solar Zenith Angle/degree                              88.4
% Dip (Magnetic Inclination)/degree                     75.61
% Modip (Modified Dip)/degree                           62.71
% Solar Sunspot Number (12-months running mean) Rz12    112.1
% Ionospheric-Effective Solar Index IG12                126.4
% ---------------------------------------------------------------------------
% A value of -1 indicates that the parameter is not available
% for the specified range
% TEC=-1, means you have not entered an upper boundary height in the
% OPTIONAL INPUT section.
% ---------------------------------------------------------------------------
%  H   ELECTRON DENSITY   TEMPERATURES         ION PERCENTAGES/%     1E16m-2
%  km  Ne/cm-3 Ne/NmF2 Tn/K  Ti/K  Te/K  O+  N+  H+ He+ O2+ NO+ Clust TEC t/%
  60.0      -1 -1.000    -1    -1    -1  -1  -1  -1  -1  -1  -1  -1  -1.0  -1
  61.0      -1 -1.000    -1    -1    -1  -1  -1  -1  -1  -1  -1  -1  -1.0  -1
  62.0      -1 -1.000    -1    -1    -1  -1  -1  -1  -1  -1  -1  -1  -1.0  -1
  63.0      -1 -1.000    -1    -1    -1  -1  -1  -1  -1  -1  -1  -1  -1.0  -1
  64.0      -1 -1.000    -1    -1    -1  -1  -1  -1  -1  -1  -1  -1  -1.0  -1
  65.0       2  0.000    -1    -1    -1  -1  -1  -1  -1  -1  -1  -1  -1.0  -1
  66.0       3  0.000    -1    -1    -1  -1  -1  -1  -1  -1  -1  -1  -1.0  -1
  67.0       7  0.000    -1    -1    -1  -1  -1  -1  -1  -1  -1  -1  -1.0  -1
  68.0      12  0.000    -1    -1    -1  -1  -1  -1  -1  -1  -1  -1  -1.0  -1
  69.0      20  0.000    -1    -1    -1  -1  -1  -1  -1  -1  -1  -1  -1.0  -1
  70.0      33  0.000    -1    -1    -1  -1  -1  -1  -1  -1  -1  -1  -1.0  -1
  71.0      50  0.000    -1    -1    -1  -1  -1  -1  -1  -1  -1  -1  -1.0  -1
  72.0      71  0.000    -1    -1    -1  -1  -1  -1  -1  -1  -1  -1  -1.0  -1
  73.0      98  0.000    -1    -1    -1  -1  -1  -1  -1  -1  -1  -1  -1.0  -1
  74.0     129  0.000    -1    -1    -1  -1  -1  -1  -1  -1  -1  -1  -1.0  -1
  75.0     162  0.000    -1    -1    -1   0   0   0   0   3   9  88  -1.0  -1
  76.0     197  0.000    -1    -1    -1   0   0   0   0   4  11  85  -1.0  -1
  77.0     232  0.000    -1    -1    -1   0   0   0   0   4  14  82  -1.0  -1
  78.0     265  0.000    -1    -1    -1   0   0   0   0   5  16  79  -1.0  -1
  79.0     296  0.000    -1    -1    -1   0   0   0   0   6  18  75  -1.0  -1
  80.0     324  0.000    -1    -1    -1   0   0   0   0   7  21  72  -1.0  -1
  81.0     349  0.000    -1    -1    -1   0   0   0   0   9  25  65  -1.0  -1
  82.0     371  0.000    -1    -1    -1   0   0   0   0  12  30  59  -1.0  -1
  83.0     391  0.000    -1    -1    -1   0   0   0   0  14  34  52  -1.0  -1
  84.0     412  0.000    -1    -1    -1   0   0   0   0  16  39  45  -1.0  -1
  85.0     444  0.000    -1    -1    -1   0   0   0   0  18  44  38  -1.0  -1
  86.0     518  0.000    -1    -1    -1   0   0   0   0  19  48  32  -1.0  -1
  87.0     685  0.001    -1    -1    -1   0   0   0   0  21  53  26  -1.0  -1
  88.0    1081  0.001    -1    -1    -1   0   0   0   0  22  57  20  -1.0  -1
  89.0    1841  0.002    -1    -1    -1   0   0   0   0  24  62  14  -1.0  -1
  90.0    2947  0.003    -1    -1    -1   0   0   0   0  25  67   8  -1.0  -1
  91.0    4456  0.004    -1    -1    -1   0   0   0   0  24  69   7  -1.0  -1
  92.0    6392  0.006    -1    -1    -1   0   0   0   0  23  71   6  -1.0  -1
  93.0    8736  0.008    -1    -1    -1   0   0   0   0  22  73   6  -1.0  -1
  94.0   11424  0.010    -1    -1    -1   0   0   0   0  21  75   5  -1.0  -1
  95.0   14352  0.013    -1    -1    -1   0   0   0   0  19  76   4  -1.0  -1
  96.0   17390  0.015    -1    -1    -1   0   0   0   0  18  78   3  -1.0  -1
  97.0   20398  0.018    -1    -1    -1   0   0   0   0  17  80   2  -1.0  -1
  98.0   23247  0.021    -1    -1    -1   0   0   0   0  16  82   2  -1.0  -1
  99.0   25830  0.023    -1    -1    -1   0   0   0   0  15  84   1  -1.0  -1
 100.0   28073  0.025    -1    -1    -1   0   0   0   0  14  86   0  -1.0  -1
 101.0   29937  0.027    -1    -1    -1   0   0   0   0  15  85   0  -1.0  -1
 102.0   31416  0.028    -1    -1    -1   0   0   0   0  16  84   0  -1.0  -1
 103.0   32531  0.029    -1    -1    -1   0   0   0   0  17  83   0  -1.0  -1
 104.0   33325  0.030    -1    -1    -1   0   0   0   0  18  82   0  -1.0  -1
 105.0   33851  0.030    -1    -1    -1   0   0   0   0  19  81   0  -1.0  -1
 106.0   34168  0.030    -1    -1    -1   0   0   0   0  20  80   0  -1.0  -1
 107.0   34336  0.031    -1    -1    -1   0   0   0   0  21  79   0  -1.0  -1
 108.0   34407  0.031    -1    -1    -1   0   0   0   0  22  78   0  -1.0  -1
 109.0   34427  0.031    -1    -1    -1   0   0   0   0  24  76   0  -1.0  -1
 110.0   34429  0.031    -1    -1    -1   0   0   0   0  25  75   0  -1.0  -1
 111.0   34229  0.030    -1    -1    -1   0   0   0   0  26  74   0  -1.0  -1
 112.0   33689  0.030    -1    -1    -1   0   0   0   0  27  73   0  -1.0  -1
 113.0   32895  0.029    -1    -1    -1   0   0   0   0  28  72   0  -1.0  -1
 114.0   31922  0.028    -1    -1    -1   0   0   0   0  29  71   0  -1.0  -1
 115.0   30837  0.027    -1    -1    -1   0   0   0   0  30  70   0  -1.0  -1
 116.0   29696  0.026    -1    -1    -1   0   0   0   0  31  69   0  -1.0  -1
 117.0   28548  0.025    -1    -1    -1   0   0   0   0  32  68   0  -1.0  -1
 118.0   27434  0.024    -1    -1    -1   0   0   0   0  33  67   0  -1.0  -1
 119.0   26389  0.023    -1    -1    -1   0   0   0   0  34  65   0  -1.0  -1
 120.0   25439  0.023   379   379   379   0   0   0   0  36  64   0  -1.0  -1
 121.0   24605  0.022   393   393   393   0   0   0   0  35  64   0  -1.0  -1
 122.0   23902  0.021   406   406   406   0   0   0   0  35  65   0  -1.0  -1
 123.0   23341  0.021   420   420   420   0   0   0   0  35  65   0  -1.0  -1
 124.0   22926  0.020   433   433   433   0   0   0   0  35  65   0  -1.0  -1
 125.0   22660  0.020   445   445   445   0   0   0   0  35  65   0  -1.0  -1
 126.0   22538  0.020   458   458   458   0   0   0   0  35  65   0  -1.0  -1
 127.0   22557  0.020   470   470   470   0   0   0   0  35  65   0  -1.0  -1
 128.0   22707  0.020   482   482   482   0   0   0   0  35  65   0  -1.0  -1
 129.0   22978  0.020   494   494   494   0   0   0   0  35  65   0  -1.0  -1
 130.0   23358  0.021   505   505   505   0   0   0   0  34  65   0  -1.0  -1
 131.0   23834  0.021   516   516   517   0   0   0   0  35  65   0  -1.0  -1
 132.0   24394  0.022   527   527   530   0   0   0   0  36  64   0  -1.0  -1
 133.0   25022  0.022   538   538   543   0   0   0   0  37  63   0  -1.0  -1
 134.0   25707  0.023   548   548   555   0   0   0   0  37  63   0  -1.0  -1
 135.0   26435  0.023   559   559   568   0   0   0   0  38  62   0  -1.0  -1
 136.0   27197  0.024   569   569   580   0   0   0   0  39  61   0  -1.0  -1
 137.0   27984  0.025   578   578   593   0   0   0   0  39  60   0  -1.0  -1
 138.0   28790  0.026   588   588   606   0   0   0   0  40  60   0  -1.0  -1
 139.0   29611  0.026   597   597   618   0   0   0   0  41  59   0  -1.0  -1
 140.0   30449  0.027   606   606   631   0   0   0   0  42  58   0  -1.0  -1
 141.0   31309  0.028   615   615   644   0   0   0   0  42  58   0  -1.0  -1
 142.0   32198  0.029   624   624   656   1   0   0   0  42  58   0  -1.0  -1
 143.0   33133  0.029   633   633   669   1   0   0   0  42  58   0  -1.0  -1
 144.0   34132  0.030   641   641   681   1   0   0   0  42  57   0  -1.0  -1
 145.0   35244  0.031   649   649   694   1   0   0   0  42  57   0  -1.0  -1
 146.0   36414  0.032   657   657   707   1   0   0   0  42  57   0  -1.0  -1
 147.0   37628  0.033   665   665   719   1   0   0   0  42  57   0  -1.0  -1
 148.0   38887  0.035   673   673   732   2   0   0   0  42  56   0  -1.0  -1
 149.0   40194  0.036   680   680   744   2   0   0   0  42  56   0  -1.0  -1
 150.0   41550  0.037   688   688   757   2   0   0   0  42  56   0  -1.0  -1
 151.0   42958  0.038   695   695   770   2   0   0   0  42  56   0  -1.0  -1
 152.0   44420  0.039   702   702   782   2   0   0   0  42  56   0  -1.0  -1
 153.0   45939  0.041   709   709   795   3   0   0   0  41  56   0  -1.0  -1
 154.0   47516  0.042   716   716   808   3   0   0   0  41  56   0  -1.0  -1
 155.0   49156  0.044   722   722   820   3   0   0   0  41  56   0  -1.0  -1
 156.0   50860  0.045   729   729   833   3   0   0   0  40  56   0  -1.0  -1
 157.0   52633  0.047   735   735   845   4   0   0   0  40  56   0  -1.0  -1
 158.0   54476  0.048   741   741   858   4   0   0   0  40  57   0  -1.0  -1
 159.0   56394  0.050   747   747   871   4   0   0   0  39  57   0  -1.0  -1
 160.0   58390  0.052   753   753   883   4   0   0   0  39  57   0  -1.0  -1
 161.0   60468  0.054   759   759   896   6   0   0   0  38  55   0  -1.0  -1
 162.0   62632  0.056   764   764   908   8   0   0   0  38  54   0  -1.0  -1
 163.0   64886  0.058   770   770   921  11   0   0   0  37  52   0  -1.0  -1
 164.0   67236  0.060   775   775   933  13   0   0   0  37  51   0  -1.0  -1
 165.0   69686  0.062   781   781   946  15   0   0   0  36  49   0  -1.0  -1
 166.0   72242  0.064   786   786   959  17   0   0   0  35  48   0  -1.0  -1
 167.0   74909  0.067   791   791   971  19   0   0   0  35  46   0  -1.0  -1
 168.0   77693  0.069   796   796   984  21   0   0   0  34  44   0  -1.0  -1
 169.0   80600  0.072   801   801   996  24   0   0   0  33  43   0  -1.0  -1
 170.0   83639  0.074   805   805  1009  26   0   0   0  33  41   0  -1.0  -1
 171.0   86816  0.077   810   810  1021  28   0   0   0  32  40   0  -1.0  -1
 172.0   90139  0.080   815   815  1033  30   0   0   0  32  38   0  -1.0  -1
 173.0   93617  0.083   819   819  1046  32   0   0   0  31  37   0  -1.0  -1
 174.0   97260  0.086   823   823  1058  34   0   0   0  30  35   0  -1.0  -1
 175.0  101078  0.090   828   828  1070  36   0   0   0  30  34   0  -1.0  -1
 176.0  105081  0.093   832   832  1082  39   0   0   0  29  32   0  -1.0  -1
 177.0  109283  0.097   836   836  1094  41   0   0   0  29  31   0  -1.0  -1
 178.0  113697  0.101   840   840  1106  43   0   0   0  28  29   0  -1.0  -1
 179.0  118335  0.105   844   844  1118  45   0   0   0  27  28   0  -1.0  -1
 180.0  123216  0.109   848   848  1129  47   0   0   0  27  26   0  -1.0  -1
 181.0  128356  0.114   851   851  1141  50   0   0   0  25  25   0  -1.0  -1
 182.0  133774  0.119   855   855  1152  53   0   0   0  24  23   0  -1.0  -1
 183.0  139492  0.124   858   858  1163  56   0   0   0  23  21   0  -1.0  -1
 184.0  145521  0.129   862   862  1173  58   0   0   0  22  20   0  -1.0  -1
 185.0  151770  0.135   865   865  1184  61   0   0   0  20  18   0  -1.0  -1
 186.0  158221  0.141   869   869  1194  64   0   0   0  19  17   0  -1.0  -1
 187.0  164877  0.147   872   872  1203  67   0   0   0  18  15   0  -1.0  -1
 188.0  171739  0.153   875   875  1212  69   0   0   0  17  14   0  -1.0  -1
 189.0  178811  0.159   878   878  1221  72   0   0   0  16  12   0  -1.0  -1
 190.0  186095  0.165   881   881  1229  75   0   0   0  14  11   0  -1.0  -1
 191.0  193593  0.172   884   884  1237  75   0   0   0  13  11   0  -1.0  -1
 192.0  201308  0.179   887   887  1245  76   0   0   0  12  12   0  -1.0  -1
 193.0  209241  0.186   890   890  1252  76   0   0   0  11  13   0  -1.0  -1
 194.0  217394  0.193   893   893  1259  77   0   0   0   9  14   0  -1.0  -1
 195.0  225767  0.201   896   896  1265  77   0   0   0   8  14   0  -1.0  -1
 196.0  234363  0.208   898   898  1272  78   0   0   0   7  15   0  -1.0  -1
 197.0  243183  0.216   901   901  1278  78   0   0   0   6  16   0  -1.0  -1
 198.0  252225  0.224   904   904  1283  79   0   0   0   4  17   0  -1.0  -1
 199.0  261492  0.232   906   906  1289  79   0   0   0   3  17   0  -1.0  -1
 200.0  270983  0.241   909   909  1294  80   0   0   0   2  18   0  -1.0  -1
 201.0  280697  0.249   911   911  1299  80   0   0   0   2  18   0  -1.0  -1
 202.0  290634  0.258   913   913  1304  81   0   0   0   2  18   0  -1.0  -1
 203.0  300794  0.267   916   916  1309  81   0   0   0   2  17   0  -1.0  -1
 204.0  311173  0.276   918   918  1314  81   0   0   0   2  17   0  -1.0  -1
 205.0  321772  0.286   920   920  1319  82   0   0   0   2  17   0  -1.0  -1
 206.0  332588  0.296   922   922  1324  82   0   0   0   2  17   0  -1.0  -1
 207.0  343618  0.305   924   924  1328  82   0   0   0   1  16   0  -1.0  -1
 208.0  354860  0.315   927   927  1333  83   0   0   0   1  16   0  -1.0  -1
 209.0  366311  0.325   929   929  1338  83   0   0   0   1  16   0  -1.0  -1
 210.0  377966  0.336   931   931  1342  83   0   0   0   1  15   0  -1.0  -1
 211.0  389822  0.346   932   933  1347  84   0   0   0   1  15   0  -1.0  -1
 212.0  401875  0.357   934   936  1351  84   0   0   0   1  15   0  -1.0  -1
 213.0  414119  0.368   936   938  1356  84   0   0   0   1  15   0  -1.0  -1
 214.0  426550  0.379   938   940  1360  85   0   0   0   1  14   0  -1.0  -1
 215.0  439161  0.390   940   942  1365  85   0   0   0   1  14   0  -1.0  -1
 216.0  451946  0.402   942   945  1369  85   0   0   0   1  14   0  -1.0  -1
 217.0  464900  0.413   943   947  1374  86   0   0   0   1  14   0  -1.0  -1
 218.0  478014  0.425   945   949  1378  86   0   0   0   1  13   0  -1.0  -1
 219.0  491282  0.437   947   952  1383  86   0   0   0   1  13   0  -1.0  -1
 220.0  504696  0.448   948   954  1387  87   0   0   0   1  13   0  -1.0  -1
 221.0  518247  0.460   950   956  1392  87   0   0   0   1  12   0  -1.0  -1
 222.0  531926  0.473   951   958  1396  87   0   0   0   1  12   0  -1.0  -1
 223.0  545725  0.485   953   961  1400  87   0   0   0   1  12   0  -1.0  -1
 224.0  559633  0.497   954   963  1405  88   0   0   0   1  12   0  -1.0  -1
 225.0  573642  0.510   956   965  1409  88   0   0   0   1  11   0  -1.0  -1
 226.0  587739  0.522   957   967  1414  88   0   0   0   1  11   0  -1.0  -1
 227.0  601916  0.535   959   970  1418  89   0   0   0   1  11   0  -1.0  -1
 228.0  616160  0.547   960   972  1423  89   0   0   0   1  11   0  -1.0  -1
 229.0  630459  0.560   961   974  1427  89   0   0   0   1  10   0  -1.0  -1
 230.0  644803  0.573   962   976  1432  89   0   0   0   1  10   0  -1.0  -1
 231.0  659178  0.586   964   979  1436  90   0   0   0   1  10   0  -1.0  -1
 232.0  673573  0.599   965   981  1440  90   0   0   0   1  10   0  -1.0  -1
 233.0  687974  0.611   966   983  1445  90   0   0   0   0   9   0  -1.0  -1
 234.0  702368  0.624   967   985  1449  91   0   0   0   0   9   0  -1.0  -1
 235.0  716742  0.637   969   988  1454  91   0   0   0   0   9   0  -1.0  -1
 236.0  731082  0.650   970   990  1458  91   0   0   0   0   8   0  -1.0  -1
 237.0  745374  0.662   971   992  1463  91   0   0   0   0   8   0  -1.0  -1
 238.0  759604  0.675   972   994  1467  92   0   0   0   0   8   0  -1.0  -1
 239.0  773758  0.688   973   997  1472  92   0   0   0   0   8   0  -1.0  -1
 240.0  787821  0.700   974   999  1476  92   0   0   0   0   7   0  -1.0  -1
 241.0  801779  0.712   975  1001  1480  92   0   0   0   0   7   0  -1.0  -1
 242.0  815616  0.725   976  1003  1485  93   0   0   0   0   7   0  -1.0  -1
 243.0  829319  0.737   977  1006  1489  93   0   0   0   0   7   0  -1.0  -1
 244.0  842873  0.749   978  1008  1494  93   0   0   0   0   6   0  -1.0  -1
 245.0  856262  0.761   979  1010  1498  94   0   0   0   0   6   0  -1.0  -1
 246.0  869472  0.773   980  1012  1503  94   0   0   0   0   6   0  -1.0  -1
 247.0  882489  0.784   981  1015  1507  94   0   0   0   0   5   0  -1.0  -1
 248.0  895297  0.796   982  1017  1511  94   0   0   0   0   5   0  -1.0  -1
 249.0  907882  0.807   982  1019  1516  95   0   0   0   0   5   0  -1.0  -1
 250.0  920231  0.818   983  1021  1520  95   0   0   0   0   5   0  -1.0  -1
 251.0  932327  0.828   984  1024  1525  95   0   0   0   0   5   0  -1.0  -1
 252.0  944159  0.839   985  1026  1529  95   0   0   0   0   4   0  -1.0  -1
 253.0  955712  0.849   986  1028  1534  95   0   0   0   0   4   0  -1.0  -1
 254.0  966972  0.859   986  1031  1538  96   0   0   0   0   4   0  -1.0  -1
 255.0  977927  0.869   987  1033  1543  96   0   0   0   0   4   0  -1.0  -1
 256.0  988564  0.878   988  1035  1547  96   0   0   0   0   4   0  -1.0  -1
 257.0  998871  0.888   989  1037  1551  96   0   0   0   0   4   0  -1.0  -1
 258.0 1008835  0.896   989  1040  1556  96   0   0   0   0   3   0  -1.0  -1
 259.0 1018446  0.905   990  1042  1560  96   0   0   0   0   3   0  -1.0  -1
 260.0 1027692  0.913   991  1044  1565  97   0   0   0   0   3   0  -1.0  -1
 261.0 1036563  0.921   991  1046  1569  97   0   0   0   0   3   0  -1.0  -1
 262.0 1045049  0.929   992  1049  1574  97   0   0   0   0   3   0  -1.0  -1
 263.0 1053141  0.936   993  1051  1578  97   0   0   0   0   3   0  -1.0  -1
 264.0 1060830  0.943   993  1053  1582  97   0   0   0   0   3   0  -1.0  -1
 265.0 1068109  0.949   994  1055  1587  97   0   0   0   0   2   0  -1.0  -1
 266.0 1074970  0.955   995  1058  1591  98   0   0   0   0   2   0  -1.0  -1
 267.0 1081406  0.961   995  1060  1596  98   0   0   0   0   2   0  -1.0  -1
 268.0 1087411  0.966   996  1062  1600  98   0   0   0   0   2   0  -1.0  -1
 269.0 1092982  0.971   996  1064  1605  98   0   0   0   0   2   0  -1.0  -1
 270.0 1098112  0.976   997  1067  1609  98   0   0   0   0   2   0  -1.0  -1
 271.0 1102800  0.980   997  1069  1614  98   0   0   0   0   2   0  -1.0  -1
 272.0 1107043  0.984   998  1071  1618  98   0   0   0   0   2   0  -1.0  -1
 273.0 1110839  0.987   998  1073  1622  98   0   0   0   0   2   0  -1.0  -1
 274.0 1114188  0.990   999  1076  1627  98   0   0   0   0   2   0  -1.0  -1
 275.0 1117090  0.993   999  1078  1631  99   0   0   0   0   1   0  -1.0  -1
 276.0 1119549  0.995  1000  1080  1636  99   0   0   0   0   1   0  -1.0  -1
 277.0 1121567  0.997  1000  1082  1640  99   0   0   0   0   1   0  -1.0  -1
 278.0 1123151  0.998  1001  1085  1645  99   0   0   0   0   1   0  -1.0  -1
 279.0 1124307  0.999  1001  1087  1649  99   0   0   0   0   1   0  -1.0  -1
 280.0 1125048  1.000  1002  1089  1654  99   0   0   0   0   1   0  -1.0  -1
 281.0 1125391  1.000  1002  1091  1658  99   0   0   0   0   1   0  -1.0  -1
 282.0 1125418  1.000  1003  1094  1662  99   0   0   0   0   1   0  -1.0  -1
 283.0 1125365  1.000  1003  1096  1667  99   0   0   0   0   1   0  -1.0  -1
 284.0 1125265  1.000  1003  1098  1671  99   0   0   0   0   1   0  -1.0  -1
 285.0 1125115  1.000  1004  1100  1676  99   0   0   0   0   1   0  -1.0  -1
 286.0 1124914  1.000  1004  1103  1680  99   0   0   0   0   1   0  -1.0  -1
 287.0 1124666  0.999  1005  1105  1685  99   0   0   0   0   1   0  -1.0  -1
 288.0 1124366  0.999  1005  1107  1689  99   0   0   0   0   1   0  -1.0  -1
 289.0 1124018  0.999  1005  1110  1694  99   0   0   0   0   1   0  -1.0  -1
 290.0 1123621  0.998  1006  1112  1698  99   0   0   0   0   1   0  -1.0  -1
 291.0 1123176  0.998  1006  1114  1703  99   0   0   0   0   1   0  -1.0  -1
 292.0 1122682  0.998  1006  1116  1708  99   0   0   0   0   1   0  -1.0  -1
 293.0 1122137  0.997  1007  1119  1712  99   0   0   0   0   1   0  -1.0  -1
 294.0 1121546  0.997  1007  1121  1717  99   0   0   0   0   1   0  -1.0  -1
 295.0 1120906  0.996  1007  1123  1722  99   0   0   0   0   1   0  -1.0  -1
 296.0 1120219  0.995  1008  1125  1726  99   0   0   0   0   1   0  -1.0  -1
 297.0 1119483  0.995  1008  1128  1731 100   0   0   0   0   0   0  -1.0  -1
 298.0 1118699  0.994  1008  1130  1736 100   0   0   0   0   0   0  -1.0  -1
 299.0 1117869  0.993  1009  1132  1741 100   0   0   0   0   0   0  -1.0  -1
 300.0 1116992  0.993  1009  1134  1745 100   0   0   0   0   0   0  -1.0  -1
 305.0 1111903  0.988  1010  1146  1771  99   1   0   0   0   0   0  -1.0  -1
 310.0 1105676  0.982  1012  1157  1797  99   1   0   0   0   0   0  -1.0  -1
 315.0 1098348  0.976  1013  1168  1823  99   1   0   0   0   0   0  -1.0  -1
 320.0 1089962  0.968  1014  1180  1850  98   1   1   0   0   0   0  -1.0  -1
 325.0 1080566  0.960  1015  1191  1877  98   1   1   0   0   0   0  -1.0  -1
 330.0 1070212  0.951  1015  1202  1904  98   1   1   0   0   0   0  -1.0  -1
 335.0 1058955  0.941  1016  1213  1930  98   2   1   0   0   0   0  -1.0  -1
 340.0 1046852  0.930  1017  1225  1957  97   2   1   0   0   0   0  -1.0  -1
 345.0 1033965  0.919  1017  1236  1984  97   2   1   0   0   0   0  -1.0  -1
 350.0 1020354  0.907  1018  1247  2011  97   2   1   0   0   0   0  -1.0  -1
 355.0 1006084  0.894  1018  1259  2038  97   2   1   0   0   0   0  -1.0  -1
 360.0  991216  0.881  1019  1270  2064  97   2   1   0   0   0   0  -1.0  -1
 365.0  975816  0.867  1019  1281  2090  96   3   1   0   0   0   0  -1.0  -1
 370.0  959947  0.853  1020  1292  2117  96   3   1   0   0   0   0  -1.0  -1
 375.0  943671  0.839  1020  1304  2142  96   3   1   0   0   0   0  -1.0  -1
 380.0  927051  0.824  1020  1315  2167  96   3   1   0   0   0   0  -1.0  -1
 385.0  910145  0.809  1020  1326  2191  95   3   1   0   0   0   0  -1.0  -1
 390.0  893012  0.793  1021  1337  2213  95   4   1   0   0   0   0  -1.0  -1
 395.0  875707  0.778  1021  1349  2232  95   4   1   0   0   0   0  -1.0  -1
 400.0  858284  0.763  1021  1360  2250  94   4   1   0   0   0   0  -1.0  -1
 405.0  840792  0.747  1021  1371  2264  94   4   1   0   0   0   0  -1.0  -1
 410.0  823282  0.732  1021  1382  2276  94   5   1   0   0   0   0  -1.0  -1
 415.0  805794  0.716  1022  1393  2286  93   5   2   0   0   0   0  -1.0  -1
 420.0  788375  0.701  1022  1404  2295  93   5   2   0   0   0   0  -1.0  -1
 425.0  771059  0.685  1022  1415  2302  93   5   2   0   0   0   0  -1.0  -1
 430.0  753886  0.670  1022  1426  2308  93   5   2   0   0   0   0  -1.0  -1
 435.0  736884  0.655  1022  1436  2314  93   5   2   0   0   0   0  -1.0  -1
 440.0  720087  0.640  1022  1446  2320  92   5   2   0   0   0   0  -1.0  -1
 445.0  703517  0.625  1022  1456  2325  92   5   2   0   0   0   0  -1.0  -1
 450.0  687202  0.611  1022  1466  2330  92   5   2   0   0   0   0  -1.0  -1
 455.0  671160  0.596  1022  1476  2335  92   5   2   0   0   0   0  -1.0  -1
 460.0  655410  0.582  1022  1486  2340  92   5   3   0   0   0   0  -1.0  -1
 465.0  639967  0.569  1022  1496  2346  91   6   3   0   0   0   0  -1.0  -1
 470.0  624846  0.555  1022  1506  2351  91   6   3   0   0   0   0  -1.0  -1
 475.0  610056  0.542  1022  1516  2356  91   6   3   0   0   0   0  -1.0  -1
 480.0  595609  0.529  1023  1525  2361  91   6   3   1   0   0   0  -1.0  -1
 485.0  581508  0.517  1023  1535  2366  90   6   3   1   0   0   0  -1.0  -1
 490.0  567761  0.504  1023  1545  2371  90   6   4   1   0   0   0  -1.0  -1
 495.0  554370  0.493  1023  1555  2376  90   6   4   1   0   0   0  -1.0  -1
 500.0  541339  0.481  1023  1564  2381  89   6   4   1   0   0   0  -1.0  -1
 505.0  528666  0.470  1023  1574  2386  89   6   4   1   0   0   0  -1.0  -1
 510.0  516353  0.459  1023  1584  2391  89   6   5   1   0   0   0  -1.0  -1
 515.0  504395  0.448  1023  1594  2396  88   6   5   1   0   0   0  -1.0  -1
 520.0  492793  0.438  1023  1604  2401  88   6   5   1   0   0   0  -1.0  -1
 525.0  481540  0.428  1023  1613  2406  88   6   5   1   0   0   0  -1.0  -1
 530.0  470634  0.418  1023  1623  2411  88   6   6   1   0   0   0  -1.0  -1
 535.0  460068  0.409  1023  1633  2416  87   6   6   1   0   0   0  -1.0  -1
 540.0  449837  0.400  1023  1643  2421  87   6   6   1   0   0   0  -1.0  -1
 545.0  439935  0.391  1023  1652  2427  86   6   7   1   0   0   0  -1.0  -1
 550.0  430355  0.382  1023  1662  2432  86   6   7   1   0   0   0  -1.0  -1
 555.0  421091  0.374  1023  1672  2437  86   6   7   1   0   0   0  -1.0  -1
 560.0  412134  0.366  1023  1682  2442  85   6   8   1   0   0   0  -1.0  -1
 565.0  403477  0.359  1023  1691  2447  85   6   8   2   0   0   0  -1.0  -1
 570.0  395113  0.351  1023  1701  2452  84   5   9   2   0   0   0  -1.0  -1
 575.0  387035  0.344  1023  1711  2457  84   5   9   2   0   0   0  -1.0  -1
 580.0  379233  0.337  1023  1721  2463  83   5   9   2   0   0   0  -1.0  -1
 585.0  371699  0.330  1023  1730  2468  83   5  10   2   0   0   0  -1.0  -1
 590.0  364427  0.324  1023  1740  2473  82   5  10   2   0   0   0  -1.0  -1
 595.0  357408  0.318  1023  1750  2479  82   5  11   2   0   0   0  -1.0  -1
 600.0  350635  0.312  1023  1760  2484  81   5  12   2   0   0   0  -1.0  -1
 605.0  344098  0.306  1023  1769  2489  81   5  12   2   0   0   0  -1.0  -1
 610.0  337792  0.300  1023  1779  2495  80   5  13   2   0   0   0  -1.0  -1
 615.0  331709  0.295  1023  1789  2500  79   5  13   3   0   0   0  -1.0  -1
 620.0  325841  0.290  1023  1799  2506  79   5  14   3   0   0   0  -1.0  -1
 625.0  320181  0.284  1023  1808  2512  78   5  15   3   0   0   0  -1.0  -1
 630.0  314721  0.280  1023  1818  2517  77   4  15   3   0   0   0  -1.0  -1
 635.0  309455  0.275  1023  1828  2523  76   4  16   3   0   0   0  -1.0  -1
 640.0  304377  0.270  1023  1838  2529  76   4  17   3   0   0   0  -1.0  -1
 645.0  299479  0.266  1023  1848  2534  75   4  18   3   0   0   0  -1.0  -1
 650.0  294755  0.262  1023  1857  2540  74   4  18   4   0   0   0  -1.0  -1
 655.0  290199  0.258  1023  1867  2546  73   4  19   4   0   0   0  -1.0  -1
 660.0  285806  0.254  1023  1877  2552  72   4  20   4   0   0   0  -1.0  -1
 665.0  281568  0.250  1023  1887  2558  71   4  21   4   0   0   0  -1.0  -1
 670.0  277481  0.247  1023  1896  2563  70   4  22   4   0   0   0  -1.0  -1
 675.0  273539  0.243  1023  1906  2569  69   4  23   4   0   0   0  -1.0  -1
 680.0  269737  0.240  1023  1916  2575  68   3  23   5   0   0   0  -1.0  -1
 685.0  266070  0.236  1023  1926  2581  67   3  24   5   0   0   0  -1.0  -1
 690.0  262532  0.233  1023  1935  2587  66   3  25   5   0   0   0  -1.0  -1
 695.0  259120  0.230  1023  1945  2592  65   3  26   5   0   0   0  -1.0  -1
 700.0  255827  0.227  1023  1955  2598  64   3  27   5   0   0   0  -1.0  -1
 705.0  252651  0.224  1023  1965  2604  63   3  28   6   0   0   0  -1.0  -1
 710.0  249586  0.222  1023  1974  2610  62   3  29   6   0   0   0  -1.0  -1
 715.0  246630  0.219  1023  1984  2616  61   3  30   6   0   0   0  -1.0  -1
 720.0  243776  0.217  1023  1994  2621  60   3  32   6   0   0   0  -1.0  -1
 725.0  241022  0.214  1023  2004  2627  59   2  33   6   0   0   0  -1.0  -1
 730.0  238364  0.212  1023  2013  2633  57   2  34   7   0   0   0  -1.0  -1
 735.0  235800  0.210  1023  2023  2639  56   2  35   7   0   0   0  -1.0  -1
 740.0  233324  0.207  1023  2033  2645  55   2  36   7   0   0   0  -1.0  -1
 745.0  230934  0.205  1023  2043  2651  54   2  37   7   0   0   0  -1.0  -1
 750.0  228627  0.203  1023  2052  2656  53   2  38   7   0   0   0  -1.0  -1
 755.0  226399  0.201  1023  2062  2662  51   2  39   7   0   0   0  -1.0  -1
 760.0  224249  0.199  1023  2072  2668  50   2  40   8   0   0   0  -1.0  -1
 765.0  222171  0.197  1023  2082  2674  49   2  42   8   0   0   0  -1.0  -1
 770.0  220166  0.196  1023  2092  2680  48   2  43   8   0   0   0  -1.0  -1
 775.0  218229  0.194  1023  2101  2685  46   2  44   8   0   0   0  -1.0  -1
 780.0  216359  0.192  1023  2111  2691  45   1  45   8   0   0   0  -1.0  -1
 785.0  214552  0.191  1023  2121  2697  44   1  46   8   0   0   0  -1.0  -1
 790.0  212806  0.189  1023  2131  2703  43   1  47   9   0   0   0  -1.0  -1
 795.0  211120  0.188  1023  2140  2709  42   1  48   9   0   0   0  -1.0  -1
 800.0  209491  0.186  1023  2150  2715  41   1  49   9   0   0   0  -1.0  -1
 805.0  207917  0.185  1023  2160  2720  39   1  51   9   0   0   0  -1.0  -1
 810.0  206396  0.183  1023  2170  2726  38   1  52   9   0   0   0  -1.0  -1
 815.0  204926  0.182  1023  2179  2732  37   1  53   9   0   0   0  -1.0  -1
 820.0  203506  0.181  1023  2189  2738  36   1  54   9   0   0   0  -1.0  -1
 825.0  202133  0.180  1023  2199  2744  35   1  55   9   0   0   0  -1.0  -1
 830.0  200806  0.178  1023  2209  2749  34   1  56  10   0   0   0  -1.0  -1
 835.0  199523  0.177  1023  2218  2755  33   1  57  10   0   0   0  -1.0  -1
 840.0  198283  0.176  1023  2228  2761  32   1  58  10   0   0   0  -1.0  -1
 845.0  197085  0.175  1023  2238  2767  31   1  59  10   0   0   0  -1.0  -1
 850.0  195926  0.174  1023  2248  2773  30   1  60  10   0   0   0  -1.0  -1
 855.0  194805  0.173  1023  2257  2779  29   1  61  10   0   0   0  -1.0  -1
 860.0  193721  0.172  1023  2267  2784  28   1  62  10   0   0   0  -1.0  -1
 865.0  192674  0.171  1023  2277  2790  27   1  63  10   0   0   0  -1.0  -1
 870.0  191661  0.170  1023  2287  2796  26   0  64  10   0   0   0  -1.0  -1
 875.0  190680  0.169  1023  2296  2802  25   0  65  10   0   0   0  -1.0  -1
 880.0  189733  0.169  1023  2306  2808  24   0  66  10   0   0   0  -1.0  -1
 885.0  188816  0.168  1023  2316  2813  23   0  66  10   0   0   0  -1.0  -1
 890.0  187929  0.167  1023  2326  2819  22   0  67  10   0   0   0  -1.0  -1
 895.0  187071  0.166  1023  2336  2825  21   0  68  10   0   0   0  -1.0  -1
 900.0  186241  0.165  1023  2345  2831  21   0  69  10   0   0   0  -1.0  -1
 905.0  185438  0.165  1023  2355  2837  20   0  70  10   0   0   0  -1.0  -1
 910.0  184661  0.164  1023  2365  2843  19   0  71   9   0   0   0  -1.0  -1
 915.0  183910  0.163  1023  2375  2848  19   0  72   9   0   0   0  -1.0  -1
 920.0  183183  0.163  1023  2384  2854  18   0  73   9   0   0   0  -1.0  -1
 925.0  182479  0.162  1023  2394  2860  17   0  74   9   0   0   0  -1.0  -1
 930.0  181798  0.162  1023  2404  2866  17   0  74   9   0   0   0  -1.0  -1
 935.0  181139  0.161  1023  2414  2872  16   0  75   9   0   0   0  -1.0  -1
 940.0  180501  0.160  1023  2423  2877  15   0  76   9   0   0   0  -1.0  -1
 945.0  179884  0.160  1023  2433  2883  15   0  77   8   0   0   0  -1.0  -1
 950.0  179286  0.159  1023  2443  2889  14   0  77   8   0   0   0  -1.0  -1
 955.0  178708  0.159  1023  2453  2895  14   0  78   8   0   0   0  -1.0  -1
 960.0  178148  0.158  1023  2462  2901  13   0  79   8   0   0   0  -1.0  -1
 965.0  177606  0.158  1023  2472  2907  13   0  79   8   0   0   0  -1.0  -1
 970.0  177082  0.157  1023  2482  2912  12   0  80   8   0   0   0  -1.0  -1
 975.0  176574  0.157  1023  2492  2918  12   0  81   8   0   0   0  -1.0  -1
 980.0  176083  0.156  1023  2501  2924  11   0  81   8   0   0   0  -1.0  -1
 985.0  175607  0.156  1023  2511  2930  11   0  81   8   0   0   0  -1.0  -1
 990.0  175146  0.156  1023  2521  2936  11   0  81   8   0   0   0  -1.0  -1
 995.0  174700  0.155  1023  2531  2941  11   0  81   8   0   0   0  -1.0  -1
1000.0  174268  0.155  1023  2541  2947  11   0  82   8   0   0   0  -1.0  -1
1010.0  173445  0.154  1023  2560  2959  10   0  82   8   0   0   0  -1.0  -1
1020.0  172673  0.153  1023  2580  2971  10   0  83   8   0   0   0  -1.0  -1
1030.0  171949  0.153  1023  2599  2982   9   0  83   8   0   0   0  -1.0  -1
1040.0  171270  0.152  1023  2619  2994   9   0  83   8   0   0   0  -1.0  -1
1050.0  170634  0.152  1023  2638  3005   8   0  84   8   0   0   0  -1.0  -1
1060.0  170037  0.151  1023  2658  3017   8   0  84   8   0   0   0  -1.0  -1
1070.0  169476  0.151  1023  2677  3029   8   0  84   8   0   0   0  -1.0  -1
1080.0  168951  0.150  1023  2697  3040   7   0  85   8   0   0   0  -1.0  -1
1090.0  168458  0.150  1023  2716  3052   7   0  85   8   0   0   0  -1.0  -1
1100.0  167996  0.149  1023  2736  3064   7   0  85   8   0   0   0  -1.0  -1
1110.0  167561  0.149  1023  2755  3075   6   0  86   8   0   0   0  -1.0  -1
1120.0  167154  0.149  1023  2775  3087   6   0  86   8   0   0   0  -1.0  -1
1130.0  166772  0.148  1023  2794  3099   6   0  86   8   0   0   0  -1.0  -1
1140.0  166413  0.148  1023  2814  3110   5   0  86   8   0   0   0  -1.0  -1
1150.0  166076  0.148  1023  2833  3122   5   0  87   8   0   0   0  -1.0  -1
1160.0  165760  0.147  1023  2853  3133   5   0  87   8   0   0   0  -1.0  -1
1170.0  165464  0.147  1023  2872  3145   5   0  87   8   0   0   0  -1.0  -1
1180.0  165185  0.147  1023  2892  3157   4   0  87   8   0   0   0  -1.0  -1
1190.0  164924  0.147  1023  2911  3168   4   0  88   8   0   0   0  -1.0  -1
1200.0  164677  0.146  1023  2931  3180   4   0  88   8   0   0   0  -1.0  -1
1210.0  164448  0.146  1023  2950  3192   4   0  88   8   0   0   0  -1.0  -1
1220.0  164232  0.146  1023  2970  3203   4   0  88   8   0   0   0  -1.0  -1
1230.0  164028  0.146  1023  2989  3215   3   0  88   8   0   0   0  -1.0  -1
1240.0  163838  0.146  1023  3009  3226   3   0  88   8   0   0   0  -1.0  -1
1250.0  163659  0.145  1023  3029  3238   3   0  89   8   0   0   0  -1.0  -1
1260.0  163491  0.145  1023  3048  3250   3   0  89   8   0   0   0  -1.0  -1
1270.0  163334  0.145  1023  3068  3261   3   0  89   8   0   0   0  -1.0  -1
1280.0  163186  0.145  1023  3087  3273   3   0  89   8   0   0   0  -1.0  -1
1290.0  163047  0.145  1023  3107  3285   2   0  89   8   0   0   0  -1.0  -1
1300.0  162916  0.145  1023  3126  3296   2   0  89   8   0   0   0  -1.0  -1
1310.0  162794  0.145  1023  3146  3308   2   0  89   8   0   0   0  -1.0  -1
1320.0  162678  0.145  1023  3165  3319   2   0  90   8   0   0   0  -1.0  -1
1330.0  162571  0.144  1023  3185  3331   2   0  90   8   0   0   0  -1.0  -1
1340.0  162469  0.144  1023  3204  3342   2   0  90   8   0   0   0  -1.0  -1
1350.0  162374  0.144  1023  3224  3353   2   0  90   8   0   0   0  -1.0  -1
1360.0  162284  0.144  1023  3243  3364   2   0  90   8   0   0   0  -1.0  -1
1370.0  162200  0.144  1023  3263  3374   1   0  90   8   0   0   0  -1.0  -1
1380.0  162122  0.144  1023  3282  3384   1   0  90   9   0   0   0  -1.0  -1
1390.0  162048  0.144  1023  3302  3393   1   0  90   9   0   0   0  -1.0  -1
1400.0  161978  0.144  1023  3321  3400   1   0  90   9   0   0   0  -1.0  -1
1410.0  161912  0.144  1023  3341  3407   1   0  90   9   0   0   0  -1.0  -1
1420.0  161852  0.144  1023  3360  3413   1   0  90   9   0   0   0  -1.0  -1
1430.0  161794  0.144  1023  3378  3417   1   0  91   9   0   0   0  -1.0  -1
1440.0  161739  0.144  1023  3396  3421   1   0  91   9   0   0   0  -1.0  -1
1450.0  161689  0.144  1023  3410  3425   1   0  91   9   0   0   0  -1.0  -1
1460.0  161642  0.144  1023  3421  3428   1   0  91   9   0   0   0  -1.0  -1
1470.0  161597  0.144  1023  3428  3431   1   0  91   9   0   0   0  -1.0  -1
1480.0  161554  0.144  1023  3432  3434   1   0  91   9   0   0   0  -1.0  -1
1490.0  161516  0.144  1023  3436  3437   1   0  91   9   0   0   0  -1.0  -1
1500.0  161479  0.143  1023  3439  3440   1   0  91   9   0   0   0  -1.0  -1
1510.0  161444  0.143  1023  3442  3443   1   0  91   9   0   0   0  -1.0  -1
1520.0  161411  0.143  1023  3444  3445   1   0  91   9   0   0   0  -1.0  -1
1530.0  161380  0.143  1023  3447  3448   0   0  91   9   0   0   0  -1.0  -1
1540.0  161352  0.143  1023  3450  3451   0   0  91   9   0   0   0  -1.0  -1
1550.0  161325  0.143  1023  3453  3454   0   0  91   9   0   0   0  -1.0  -1
1560.0  161299  0.143  1023  3455  3456   0   0  91   9   0   0   0  -1.0  -1
1570.0  161275  0.143  1023  3458  3459   0   0  91   9   0   0   0  -1.0  -1
1580.0  161253  0.143  1023  3461  3462   0   0  91   9   0   0   0  -1.0  -1
1590.0  161233  0.143  1023  3463  3465   0   0  91   9   0   0   0  -1.0  -1
1600.0  161212  0.143  1023  3466  3467   0   0  91   9   0   0   0  -1.0  -1
1610.0  161193  0.143  1023  3469  3470   0   0  91   9   0   0   0  -1.0  -1
1620.0  161177  0.143  1023  3472  3473   0   0  91   9   0   0   0  -1.0  -1
1630.0  161161  0.143  1023  3474  3476   0   0  91   9   0   0   0  -1.0  -1
1640.0  161144  0.143  1023  3477  3478   0   0  91   9   0   0   0  -1.0  -1
1650.0  161130  0.143  1023  3480  3481   0   0  91   9   0   0   0  -1.0  -1
1660.0  161117  0.143  1023  3483  3484   0   0  91   9   0   0   0  -1.0  -1
1670.0  161105  0.143  1023  3485  3486   0   0  91   9   0   0   0  -1.0  -1
1680.0  161092  0.143  1023  3488  3489   0   0  91   9   0   0   0  -1.0  -1
1690.0  161081  0.143  1023  3491  3492   0   0  91   9   0   0   0  -1.0  -1
1700.0  161071  0.143  1023  3494  3495   0   0  91   9   0   0   0  -1.0  -1
1710.0  161061  0.143  1023  3496  3497   0   0  91   9   0   0   0  -1.0  -1
1720.0  161051  0.143  1023  3499  3500   0   0  91   9   0   0   0  -1.0  -1
1730.0  161043  0.143  1023  3502  3503   0   0  91   9   0   0   0  -1.0  -1
1740.0  161035  0.143  1023  3504  3506   0   0  91   9   0   0   0  -1.0  -1
1750.0  161027  0.143  1023  3507  3508   0   0  91   9   0   0   0  -1.0  -1
1760.0  161020  0.143  1023  3510  3511   0   0  91   9   0   0   0  -1.0  -1
1770.0  161013  0.143  1023  3513  3514   0   0  91   9   0   0   0  -1.0  -1
1780.0  161007  0.143  1023  3515  3517   0   0  91   9   0   0   0  -1.0  -1
1790.0  161002  0.143  1023  3518  3519   0   0  91   9   0   0   0  -1.0  -1
1800.0  160996  0.143  1023  3521  3522   0   0  91   9   0   0   0  -1.0  -1
1810.0  160990  0.143  1023  3524  3525   0   0  91   9   0   0   0  -1.0  -1
1820.0  160986  0.143  1023  3526  3527   0   0  91   9   0   0   0  -1.0  -1
1830.0  160981  0.143  1023  3529  3530   0   0  91   9   0   0   0  -1.0  -1
1840.0  160976  0.143  1023  3532  3533   0   0  91   9   0   0   0  -1.0  -1
1850.0  160972  0.143  1023  3535  3536   0   0  91   9   0   0   0  -1.0  -1
1860.0  160969  0.143  1023  3537  3538   0   0  91   9   0   0   0  -1.0  -1
1870.0  160965  0.143  1023  3540  3541   0   0  91   9   0   0   0  -1.0  -1
1880.0  160961  0.143  1023  3543  3544   0   0  91   9   0   0   0  -1.0  -1
1890.0  160958  0.143  1023  3545  3547   0   0  91   9   0   0   0  -1.0  -1
1900.0  160956  0.143  1023  3548  3549   0   0  91   9   0   0   0  -1.0  -1
1910.0  160953  0.143  1023  3551  3552   0   0  91   9   0   0   0  -1.0  -1
1920.0  160950  0.143  1023  3554  3555   0   0  91   9   0   0   0  -1.0  -1
1930.0  160947  0.143  1023  3556  3558   0   0  91   9   0   0   0  -1.0  -1
1940.0  160946  0.143  1023  3559  3560   0   0  91   9   0   0   0  -1.0  -1
1950.0  160944  0.143  1023  3562  3563   0   0  91   9   0   0   0  -1.0  -1
1960.0  160940  0.143  1023  3565  3566   0   0  91   9   0   0   0  -1.0  -1
1970.0  160938  0.143  1023  3567  3568   0   0  91   9   0   0   0  -1.0  -1
1980.0  160938  0.143  1023  3570  3571   0   0  91   9   0   0   0  -1.0  -1
1990.0  160936  0.143  1023  3573  3574   0   0  91   9   0   0   0  -1.0  -1
2000.0  160934  0.143  1023  3576  3577   0   0  91   9   0   0   0  -1.0  -1
