% Winter daytime ionosphere electron density at Gamma Ray burst location
% ---------------------------------------------------------------------------
% Created on 2006-11-02
% International Reference Ionosphere - IRI-2001
% http://modelweb.gsfc.nasa.gov/models/iri.html
% UT IS USED
% ---------------------------------------------------------------------------
% Input parameters
% year= 2004., month= 12, day= 27, hour=21.5,
% latitude= -20.4, longitude= 213.8, height= 100.
% Prof. parameters: start= 60. stop= 200. step= 1.
% 
% URSI maps are used for the F2 peak density (NmF2)
% CCIR maps are used for the F2 peak height (hmF2)
% B0-Table option is used for the bottomside thickness parameter B0
% Danilov- option is used for the ion composition
% The foF2 STORM model is turned on 
% IRI-95    option is used for the electron temperature
% IRI-95   option is used for the D-region Ne
% Scotto-97 no L   option is used for the F1 occurrence probability
% Peak Densities/cm-3: NmF2=1569587.2   NmF1= 283716.0   NmE= 157412.9
% Peak Heights/km:     hmF2=   333.62   hmF1=   195.78   hmE=   110.00
% 
% Solar Zenith Angle/degree                               4.8
% Dip (Magnetic Inclination)/degree                    -34.27
% Modip (Modified Dip)/degree                          -31.71
% Solar Sunspot Number (12-months running mean) Rz12     35.0
% Ionospheric-Effective Solar Index IG12                 39.3
% ---------------------------------------------------------------------------
% A value of -1 indicates that the parameter is not available
% for the specified range
% TEC=-1, means you have not entered an upper boundary height in the
% OPTIONAL INPUT section.
% ---------------------------------------------------------------------------
%  H   ELECTRON DENSITY   TEMPERATURES         ION PERCENTAGES/%     1E16m-2
%  km  Ne/cm-3 Ne/NmF2 Tn/K  Ti/K  Te/K  O+  N+  H+ He+ O2+ NO+ Clust TEC t/%
  60.0      -1 -1.000    -1    -1    -1  -1  -1  -1  -1  -1  -1  -1  -1.0  -1
  61.0      -1 -1.000    -1    -1    -1  -1  -1  -1  -1  -1  -1  -1  -1.0  -1
  62.0      -1 -1.000    -1    -1    -1  -1  -1  -1  -1  -1  -1  -1  -1.0  -1
  63.0      -1 -1.000    -1    -1    -1  -1  -1  -1  -1  -1  -1  -1  -1.0  -1
  64.0      -1 -1.000    -1    -1    -1  -1  -1  -1  -1  -1  -1  -1  -1.0  -1
  65.0     101  0.000    -1    -1    -1  -1  -1  -1  -1  -1  -1  -1  -1.0  -1
  66.0     136  0.000    -1    -1    -1  -1  -1  -1  -1  -1  -1  -1  -1.0  -1
  67.0     177  0.000    -1    -1    -1  -1  -1  -1  -1  -1  -1  -1  -1.0  -1
  68.0     223  0.000    -1    -1    -1  -1  -1  -1  -1  -1  -1  -1  -1.0  -1
  69.0     274  0.000    -1    -1    -1  -1  -1  -1  -1  -1  -1  -1  -1.0  -1
  70.0     329  0.000    -1    -1    -1  -1  -1  -1  -1  -1  -1  -1  -1.0  -1
  71.0     386  0.000    -1    -1    -1  -1  -1  -1  -1  -1  -1  -1  -1.0  -1
  72.0     443  0.000    -1    -1    -1  -1  -1  -1  -1  -1  -1  -1  -1.0  -1
  73.0     499  0.000    -1    -1    -1  -1  -1  -1  -1  -1  -1  -1  -1.0  -1
  74.0     553  0.000    -1    -1    -1  -1  -1  -1  -1  -1  -1  -1  -1.0  -1
  75.0     603  0.000    -1    -1    -1   0   0   0   0   4   6  90  -1.0  -1
  76.0     649  0.000    -1    -1    -1   0   0   0   0   5   8  86  -1.0  -1
  77.0     691  0.000    -1    -1    -1   0   0   0   0   6  11  83  -1.0  -1
  78.0     728  0.000    -1    -1    -1   0   0   0   0   8  13  79  -1.0  -1
  79.0     763  0.000    -1    -1    -1   0   0   0   0   9  16  76  -1.0  -1
  80.0     794  0.001    -1    -1    -1   0   0   0   0  10  18  72  -1.0  -1
  81.0     825  0.001    -1    -1    -1   0   0   0   0  12  20  68  -1.0  -1
  82.0     862  0.001    -1    -1    -1   0   0   0   0  14  23  63  -1.0  -1
  83.0     946  0.001    -1    -1    -1   0   0   0   0  16  25  59  -1.0  -1
  84.0    1151  0.001    -1    -1    -1   0   0   0   0  18  28  54  -1.0  -1
  85.0    1634  0.001    -1    -1    -1   0   0   0   0  20  30  50  -1.0  -1
  86.0    2791  0.002    -1    -1    -1   0   0   0   0  22  36  42  -1.0  -1
  87.0    4763  0.003    -1    -1    -1   0   0   0   0  24  42  34  -1.0  -1
  88.0    7719  0.005    -1    -1    -1   0   0   0   0  26  48  26  -1.0  -1
  89.0   11915  0.008    -1    -1    -1   0   0   0   0  28  54  18  -1.0  -1
  90.0   17568  0.011    -1    -1    -1   0   0   0   0  30  60  10  -1.0  -1
  91.0   24815  0.016    -1    -1    -1   0   0   0   0  30  61   9  -1.0  -1
  92.0   33677  0.021    -1    -1    -1   0   0   0   0  31  61   8  -1.0  -1
  93.0   44032  0.028    -1    -1    -1   0   0   0   0  31  62   7  -1.0  -1
  94.0   55620  0.035    -1    -1    -1   0   0   0   0  32  62   6  -1.0  -1
  95.0   68058  0.043    -1    -1    -1   0   0   0   0  32  63   5  -1.0  -1
  96.0   80883  0.052    -1    -1    -1   0   0   0   0  34  62   4  -1.0  -1
  97.0   93603  0.060    -1    -1    -1   0   0   0   0  36  61   3  -1.0  -1
  98.0  105748  0.067    -1    -1    -1   0   0   0   0  37  61   2  -1.0  -1
  99.0  116912  0.074    -1    -1    -1   0   0   0   0  39  60   1  -1.0  -1
 100.0  126793  0.081    -1    -1    -1   0   0   0   0  41  59   0  -1.0  -1
 101.0  135199  0.086    -1    -1    -1   0   0   0   0  41  59   0  -1.0  -1
 102.0  142059  0.091    -1    -1    -1   0   0   0   0  41  59   0  -1.0  -1
 103.0  147405  0.094    -1    -1    -1   0   0   0   0  41  59   0  -1.0  -1
 104.0  151355  0.096    -1    -1    -1   0   0   0   0  41  59   0  -1.0  -1
 105.0  154089  0.098    -1    -1    -1   0   0   0   0  41  59   0  -1.0  -1
 106.0  155827  0.099    -1    -1    -1   0   0   0   0  41  59   0  -1.0  -1
 107.0  156805  0.100    -1    -1    -1   0   0   0   0  41  59   0  -1.0  -1
 108.0  157256  0.100    -1    -1    -1   0   0   0   0  41  59   0  -1.0  -1
 109.0  157397  0.100    -1    -1    -1   0   0   0   0  41  59   0  -1.0  -1
 110.0  157413  0.100    -1    -1    -1   0   0   0   0  41  59   0  -1.0  -1
 111.0  157109  0.100    -1    -1    -1   0   0   0   0  41  59   0  -1.0  -1
 112.0  156254  0.100    -1    -1    -1   0   0   0   0  41  59   0  -1.0  -1
 113.0  155067  0.099    -1    -1    -1   0   0   0   0  41  59   0  -1.0  -1
 114.0  153876  0.098    -1    -1    -1   0   0   0   0  41  59   0  -1.0  -1
 115.0  153038  0.098    -1    -1    -1   0   0   0   0  41  59   0  -1.0  -1
 116.0  152846  0.097    -1    -1    -1   0   0   0   0  41  59   0  -1.0  -1
 117.0  153450  0.098    -1    -1    -1   0   0   0   0  41  59   0  -1.0  -1
 118.0  154771  0.099    -1    -1    -1   0   0   0   0  41  59   0  -1.0  -1
 119.0  156410  0.100    -1    -1    -1   0   0   0   0  41  59   0  -1.0  -1
 120.0  157582  0.100   359   359   359   0   0   0   0  41  59   0  -1.0  -1
 121.0  158355  0.101   374   374   374   0   0   0   0  40  60   0  -1.0  -1
 122.0  159136  0.101   389   389   389   1   0   0   0  39  60   0  -1.0  -1
 123.0  159926  0.102   404   404   404   1   0   0   0  38  61   0  -1.0  -1
 124.0  160724  0.102   418   418   418   1   0   0   0  37  62   0  -1.0  -1
 125.0  161531  0.103   432   432   432   1   0   0   0  36  63   0  -1.0  -1
 126.0  162348  0.103   445   445   447   2   0   0   0  35  63   0  -1.0  -1
 127.0  163174  0.104   458   458   462   2   0   0   0  34  64   0  -1.0  -1
 128.0  164009  0.104   471   471   476   2   0   0   0  33  65   0  -1.0  -1
 129.0  164855  0.105   483   483   491   2   0   0   0  32  65   0  -1.0  -1
 130.0  165710  0.106   495   495   506   3   0   0   0  31  66   0  -1.0  -1
 131.0  166576  0.106   506   506   521   3   0   0   0  31  66   0  -1.0  -1
 132.0  167453  0.107   517   517   535   3   0   0   0  31  66   0  -1.0  -1
 133.0  168341  0.107   528   528   550   4   0   0   0  31  66   0  -1.0  -1
 134.0  169241  0.108   539   539   565   4   0   0   0  31  65   0  -1.0  -1
 135.0  170152  0.108   549   549   579   4   0   0   0  30  65   0  -1.0  -1
 136.0  171076  0.109   559   559   594   5   0   0   0  30  65   0  -1.0  -1
 137.0  172012  0.110   568   568   609   5   0   0   0  30  65   0  -1.0  -1
 138.0  172961  0.110   578   578   624   5   0   0   0  30  65   0  -1.0  -1
 139.0  173924  0.111   587   587   638   6   0   0   0  30  65   0  -1.0  -1
 140.0  174900  0.111   595   595   653   6   0   0   0  29  65   0  -1.0  -1
 141.0  175891  0.112   604   604   668   6   0   0   0  30  64   0  -1.0  -1
 142.0  176898  0.113   612   612   683   6   0   0   0  30  64   0  -1.0  -1
 143.0  177919  0.113   620   620   697   6   0   0   0  30  64   0  -1.0  -1
 144.0  178958  0.114   628   628   712   6   0   0   0  31  63   0  -1.0  -1
 145.0  180013  0.115   636   636   727   6   0   0   0  31  63   0  -1.0  -1
 146.0  181085  0.115   643   643   741   6   0   0   0  31  63   0  -1.0  -1
 147.0  182177  0.116   650   650   756   6   0   0   0  32  63   0  -1.0  -1
 148.0  183287  0.117   657   657   771   6   0   0   0  32  62   0  -1.0  -1
 149.0  184418  0.117   664   664   786   5   0   0   0  32  62   0  -1.0  -1
 150.0  185570  0.118   670   670   800   5   0   0   0  33  62   0  -1.0  -1
 151.0  186744  0.119   676   676   815   6   0   0   0  33  62   0  -1.0  -1
 152.0  187941  0.120   682   682   830   6   0   0   0  33  61   0  -1.0  -1
 153.0  189163  0.121   688   688   845   6   0   0   0  33  61   0  -1.0  -1
 154.0  190412  0.121   694   694   859   7   0   0   0  32  61   0  -1.0  -1
 155.0  191688  0.122   700   700   874   7   0   0   0  32  60   0  -1.0  -1
 156.0  192993  0.123   705   705   889   8   0   0   0  32  60   0  -1.0  -1
 157.0  194330  0.124   710   710   903   8   0   0   0  32  60   0  -1.0  -1
 158.0  195700  0.125   716   716   918   9   0   0   0  32  60   0  -1.0  -1
 159.0  197106  0.126   721   721   933   9   0   0   0  32  59   0  -1.0  -1
