% Winter daytime atmosphere density at Gamma Ray burst location, part 1
% ---------------------------------------------------------------------------
% Created on 2006-11-02
% MSIS-E-90 Atmosphere Model
% http://modelweb.gsfc.nasa.gov/models/msis.html
% UT IS USED
% ---------------------------------------------------------------------------
% Intut parameters
% year= 2004, month= 12, day= 27, hour=21.5,
% latitude= -20.4, longitude= 213.8, height= 100.
% Prof. parameters: start= 0. stop= 200. step= 1.
%
% F10.7(daily) used:  88.7
% F10.7(3-month avg) used:  96.7
% ap(daily,0-3,3-6,6-9,9-12,12-33,33-59 h prior) used:
%     8.1    12.0  12.0   4.0   4.0  10.1   8.4
% ---------------------------------------------------------------------------
%               NUMBER DENSITIES          MASS DENSITY  TEMPERATURE
%   H/KM     O/cm-3    N2/cm-3    O2/cm-3   m/g*cm-3     TN/K TEXO/K
     0.0   0.000E+00  1.917E+19  5.144E+18  1.180E-03   299.0  1037
     1.0   0.000E+00  1.745E+19  4.681E+18  1.074E-03   292.8  1037
     2.0   0.000E+00  1.581E+19  4.242E+18  9.729E-04   287.3  1037
     3.0   0.000E+00  1.429E+19  3.833E+18  8.790E-04   282.1  1037
     4.0   0.000E+00  1.288E+19  3.456E+18  7.926E-04   277.0  1037
     5.0   0.000E+00  1.160E+19  3.113E+18  7.138E-04   271.7  1037
     6.0   0.000E+00  1.044E+19  2.801E+18  6.424E-04   266.0  1037
     7.0   0.000E+00  9.394E+18  2.520E+18  5.780E-04   259.8  1037
     8.0   0.000E+00  8.451E+18  2.267E+18  5.200E-04   252.9  1037
     9.0   0.000E+00  7.602E+18  2.039E+18  4.677E-04   245.3  1037
    10.0   0.000E+00  6.836E+18  1.834E+18  4.206E-04   237.0  1037
    11.0   0.000E+00  6.138E+18  1.647E+18  3.776E-04   228.1  1037
    12.0   0.000E+00  5.480E+18  1.470E+18  3.372E-04   219.4  1037
    13.0   0.000E+00  4.849E+18  1.301E+18  2.983E-04   211.9  1037
    14.0   0.000E+00  4.240E+18  1.138E+18  2.609E-04   205.9  1037
    15.0   0.000E+00  3.659E+18  9.815E+17  2.251E-04   202.1  1037
    16.0   0.000E+00  3.115E+18  8.356E+17  1.916E-04   200.5  1037
    17.0   0.000E+00  2.626E+18  7.044E+17  1.615E-04   200.9  1037
    18.0   0.000E+00  2.201E+18  5.905E+17  1.354E-04   202.6  1037
    19.0   0.000E+00  1.841E+18  4.939E+17  1.133E-04   205.1  1037
    20.0   0.000E+00  1.541E+18  4.135E+17  9.483E-05   207.9  1037
    21.0   0.000E+00  1.295E+18  3.473E+17  7.966E-05   210.6  1037
    22.0   0.000E+00  1.091E+18  2.927E+17  6.713E-05   212.9  1037
    23.0   0.000E+00  9.222E+17  2.474E+17  5.674E-05   215.1  1037
    24.0   0.000E+00  7.814E+17  2.096E+17  4.807E-05   217.1  1037
    25.0   0.000E+00  6.634E+17  1.780E+17  4.082E-05   219.0  1037
    26.0   0.000E+00  5.642E+17  1.514E+17  3.471E-05   220.8  1037
    27.0   0.000E+00  4.806E+17  1.289E+17  2.957E-05   222.5  1037
    28.0   0.000E+00  4.098E+17  1.099E+17  2.521E-05   224.4  1037
    29.0   0.000E+00  3.497E+17  9.382E+16  2.152E-05   226.3  1037
    30.0   0.000E+00  2.987E+17  8.012E+16  1.837E-05   228.4  1037
    31.0   0.000E+00  2.552E+17  6.846E+16  1.570E-05   230.8  1037
    32.0   0.000E+00  2.181E+17  5.851E+16  1.342E-05   233.5  1037
    33.0   0.000E+00  1.865E+17  5.003E+16  1.147E-05   236.5  1037
    34.0   0.000E+00  1.598E+17  4.286E+16  9.830E-06   239.6  1037
    35.0   0.000E+00  1.371E+17  3.679E+16  8.438E-06   242.7  1037
    36.0   0.000E+00  1.180E+17  3.165E+16  7.259E-06   245.8  1037
    37.0   0.000E+00  1.017E+17  2.729E+16  6.258E-06   248.8  1037
    38.0   0.000E+00  8.788E+16  2.357E+16  5.406E-06   251.7  1037
    39.0   0.000E+00  7.609E+16  2.041E+16  4.681E-06   254.5  1037
    40.0   0.000E+00  6.602E+16  1.771E+16  4.062E-06   257.2  1037
    41.0   0.000E+00  5.741E+16  1.540E+16  3.532E-06   259.6  1037
    42.0   0.000E+00  5.004E+16  1.342E+16  3.078E-06   261.9  1037
    43.0   0.000E+00  4.370E+16  1.172E+16  2.689E-06   263.8  1037
    44.0   0.000E+00  3.824E+16  1.026E+16  2.353E-06   265.5  1037
    45.0   0.000E+00  3.354E+16  8.997E+15  2.063E-06   266.9  1037
    46.0   0.000E+00  2.947E+16  7.905E+15  1.813E-06   267.9  1037
    47.0   0.000E+00  2.594E+16  6.959E+15  1.596E-06   268.5  1037
    48.0   0.000E+00  2.287E+16  6.135E+15  1.407E-06   268.8  1037
    49.0   0.000E+00  2.019E+16  5.417E+15  1.242E-06   268.7  1037
    50.0   0.000E+00  1.785E+16  4.789E+15  1.098E-06   268.2  1037
    51.0   0.000E+00  1.580E+16  4.239E+15  9.721E-07   267.3  1037
    52.0   0.000E+00  1.400E+16  3.755E+15  8.611E-07   266.1  1037
    53.0   0.000E+00  1.241E+16  3.329E+15  7.634E-07   264.6  1037
    54.0   0.000E+00  1.100E+16  2.952E+15  6.770E-07   262.8  1037
    55.0   0.000E+00  9.762E+15  2.619E+15  6.006E-07   260.6  1037
    56.0   0.000E+00  8.661E+15  2.323E+15  5.329E-07   258.1  1037
    57.0   0.000E+00  7.683E+15  2.061E+15  4.727E-07   255.5  1037
    58.0   0.000E+00  6.811E+15  1.827E+15  4.191E-07   252.6  1037
    59.0   0.000E+00  6.034E+15  1.619E+15  3.712E-07   249.5  1037
    60.0   0.000E+00  5.340E+15  1.433E+15  3.285E-07   246.4  1037
    61.0   0.000E+00  4.720E+15  1.266E+15  2.904E-07   243.2  1037
    62.0   0.000E+00  4.166E+15  1.118E+15  2.563E-07   239.9  1037
    63.0   0.000E+00  3.671E+15  9.846E+14  2.258E-07   236.6  1037
    64.0   0.000E+00  3.229E+15  8.657E+14  1.986E-07   233.4  1037
    65.0   0.000E+00  2.835E+15  7.597E+14  1.744E-07   230.2  1037
    66.0   0.000E+00  2.484E+15  6.653E+14  1.527E-07   227.0  1037
    67.0   0.000E+00  2.171E+15  5.813E+14  1.335E-07   224.0  1037
    68.0   0.000E+00  1.894E+15  5.068E+14  1.164E-07   221.1  1037
    69.0   0.000E+00  1.648E+15  4.409E+14  1.013E-07   218.3  1037
    70.0   0.000E+00  1.431E+15  3.826E+14  8.795E-08   215.6  1037
    71.0   0.000E+00  1.239E+15  3.312E+14  7.617E-08   213.1  1037
    72.0   0.000E+00  1.071E+15  2.861E+14  6.581E-08   210.7  1037
    73.0   3.110E+07  9.229E+14  2.464E+14  5.671E-08   208.6  1037
    74.0   6.787E+07  7.930E+14  2.116E+14  4.872E-08   206.8  1037
    75.0   1.456E+08  6.795E+14  1.812E+14  4.173E-08   205.4  1037
    76.0   3.056E+08  5.808E+14  1.547E+14  3.567E-08   204.3  1037
    77.0   6.241E+08  4.955E+14  1.319E+14  3.042E-08   203.5  1037
    78.0   1.236E+09  4.221E+14  1.122E+14  2.590E-08   202.9  1037
    79.0   2.363E+09  3.591E+14  9.530E+13  2.203E-08   202.4  1037
    80.0   4.352E+09  3.052E+14  8.087E+13  1.872E-08   202.1  1037
    81.0   7.704E+09  2.592E+14  6.857E+13  1.589E-08   202.0  1037
    82.0   1.309E+10  2.201E+14  5.810E+13  1.349E-08   201.9  1037
    83.0   2.134E+10  1.869E+14  4.920E+13  1.144E-08   201.8  1037
    84.0   3.335E+10  1.586E+14  4.166E+13  9.708E-09   201.8  1037
    85.0   5.002E+10  1.347E+14  3.526E+13  8.238E-09   201.8  1037
    86.0   7.205E+10  1.144E+14  2.985E+13  6.992E-09   201.7  1037
    87.0   9.980E+10  9.724E+13  2.526E+13  5.937E-09   201.5  1037
    88.0   1.331E+11  8.269E+13  2.138E+13  5.044E-09   201.2  1037
    89.0   1.714E+11  7.036E+13  1.810E+13  4.288E-09   200.7  1037
    90.0   2.134E+11  5.990E+13  1.532E+13  3.648E-09   200.1  1037
    91.0   2.574E+11  5.103E+13  1.296E+13  3.105E-09   199.3  1037
    92.0   3.013E+11  4.349E+13  1.096E+13  2.643E-09   198.3  1037
    93.0   3.432E+11  3.706E+13  9.258E+12  2.250E-09   197.3  1037
    94.0   3.809E+11  3.157E+13  7.809E+12  1.915E-09   196.1  1037
    95.0   4.128E+11  2.688E+13  6.575E+12  1.628E-09   195.0  1037
    96.0   4.377E+11  2.287E+13  5.524E+12  1.384E-09   193.9  1037
    97.0   4.549E+11  1.943E+13  4.630E+12  1.174E-09   192.8  1037
    98.0   4.643E+11  1.650E+13  3.870E+12  9.956E-10   191.9  1037
    99.0   4.663E+11  1.399E+13  3.225E+12  8.429E-10   191.0  1037
   100.0   4.615E+11  1.185E+13  2.679E+12  7.126E-10   190.4  1037
   101.0   4.508E+11  1.002E+13  2.218E+12  6.015E-10   190.0  1037
   102.0   4.353E+11  8.458E+12  1.831E+12  5.069E-10   189.9  1037
   103.0   4.161E+11  7.130E+12  1.505E+12  4.265E-10   190.2  1037
   104.0   3.940E+11  6.001E+12  1.233E+12  3.582E-10   190.8  1037
   105.0   3.701E+11  5.043E+12  1.006E+12  3.004E-10   192.0  1037
   106.0   3.451E+11  4.230E+12  8.184E+11  2.514E-10   193.8  1037
   107.0   3.196E+11  3.543E+12  6.633E+11  2.102E-10   196.3  1037
   108.0   2.943E+11  2.963E+12  5.359E+11  1.754E-10   199.7  1037
   109.0   2.693E+11  2.475E+12  4.317E+11  1.462E-10   204.1  1037
   110.0   2.452E+11  2.064E+12  3.468E+11  1.217E-10   209.7  1037
   111.0   2.220E+11  1.718E+12  2.780E+11  1.012E-10   216.8  1037
   112.0   2.000E+11  1.430E+12  2.226E+11  8.418E-11   225.4  1037
   113.0   1.796E+11  1.191E+12  1.784E+11  7.005E-11   235.7  1037
   114.0   1.609E+11  9.937E+11  1.431E+11  5.841E-11   247.6  1037
   115.0   1.438E+11  8.308E+11  1.151E+11  4.883E-11   261.3  1037
   116.0   1.285E+11  6.967E+11  9.298E+10  4.096E-11   276.7  1037
   117.0   1.147E+11  5.867E+11  7.546E+10  3.450E-11   293.9  1037
   118.0   1.025E+11  4.965E+11  6.162E+10  2.922E-11   312.7  1037
   119.0   9.188E+10  4.228E+11  5.070E+10  2.490E-11   332.8  1037
   120.0   8.266E+10  3.627E+11  4.209E+10  2.139E-11   353.6  1037
   121.0   7.481E+10  3.141E+11  3.532E+10  1.854E-11   374.2  1037
   122.0   6.828E+10  2.750E+11  3.002E+10  1.626E-11   393.4  1037
   123.0   6.305E+10  2.442E+11  2.591E+10  1.446E-11   409.2   911
   124.0   5.856E+10  2.186E+11  2.258E+10  1.297E-11   423.7   911
   125.0   5.455E+10  1.966E+11  1.979E+10  1.168E-11   437.7   911
   126.0   5.094E+10  1.775E+11  1.745E+10  1.057E-11   451.3   911
   127.0   4.769E+10  1.609E+11  1.547E+10  9.603E-12   464.6   911
   128.0   4.474E+10  1.464E+11  1.378E+10  8.756E-12   477.4   911
   129.0   4.207E+10  1.336E+11  1.233E+10  8.011E-12   489.9   911
   130.0   3.962E+10  1.223E+11  1.108E+10  7.352E-12   502.0   911
   131.0   3.739E+10  1.123E+11  9.991E+09  6.766E-12   513.7   911
   132.0   3.534E+10  1.034E+11  9.045E+09  6.244E-12   525.1   911
   133.0   3.346E+10  9.539E+10  8.217E+09  5.776E-12   536.2   911
   134.0   3.172E+10  8.821E+10  7.488E+09  5.356E-12   547.0   911
   135.0   3.011E+10  8.174E+10  6.844E+09  4.977E-12   557.4   911
   136.0   2.862E+10  7.589E+10  6.272E+09  4.634E-12   567.6   911
   137.0   2.724E+10  7.059E+10  5.762E+09  4.322E-12   577.4   911
   138.0   2.596E+10  6.577E+10  5.307E+09  4.039E-12   587.0   911
   139.0   2.476E+10  6.139E+10  4.898E+09  3.781E-12   596.3   911
   140.0   2.365E+10  5.738E+10  4.530E+09  3.544E-12   605.3   911
   141.0   2.260E+10  5.370E+10  4.197E+09  3.328E-12   614.1   911
   142.0   2.162E+10  5.034E+10  3.896E+09  3.128E-12   622.6   911
   143.0   2.071E+10  4.724E+10  3.623E+09  2.945E-12   630.8   911
   144.0   1.985E+10  4.439E+10  3.374E+09  2.776E-12   638.9   911
   145.0   1.904E+10  4.175E+10  3.146E+09  2.619E-12   646.6   911
   146.0   1.828E+10  3.932E+10  2.938E+09  2.475E-12   654.2   911
   147.0   1.756E+10  3.707E+10  2.747E+09  2.340E-12   661.6   911
   148.0   1.688E+10  3.497E+10  2.572E+09  2.215E-12   668.7   911
   149.0   1.624E+10  3.303E+10  2.411E+09  2.099E-12   675.6   911

