% Summer nighttime summer neutral atmosphere density at HAARP location
% ---------------------------------------------------------------------------
% Created on 2006-06-13
% MSIS-E-90 Atmosphere Model
% http://modelweb.gsfc.nasa.gov/models/msis.html
% LOCAL TIME IS USED
% ---------------------------------------------------------------------------
% ModelWeb Browser Results
% msis model listing
% Intut parameters
% year= 2000, month= 07, day= 01, hour=2.,
% latitude= 62.39, longitude= 214.85, height= 100.
% Prof. parameters: start= 0. stop= 200. step= 1.
%
% F10.7(daily) used: 165.0
% F10.7(3-month avg) used: 195.7
% ap(daily,0-3,3-6,6-9,9-12,12-33,33-59 h prior) used:
%     6.9     5.0   9.0   4.0   9.0   4.4   7.8
% ---------------------------------------------------------------------------
%                    NUMBER DENSITIES                 TEMPERATURE
%   H/KM     He/cm-3    Ar/cm-3    H/cm-3     N/cm-3     Tn/K
     0.0   1.369E+14  2.440E+17  0.000E+00  0.000E+00   281.3
     1.0   1.224E+14  2.181E+17  0.000E+00  0.000E+00   278.6
     2.0   1.100E+14  1.960E+17  0.000E+00  0.000E+00   274.0
     3.0   9.909E+13  1.766E+17  0.000E+00  0.000E+00   268.0
     4.0   8.934E+13  1.592E+17  0.000E+00  0.000E+00   261.3
     5.0   8.040E+13  1.433E+17  0.000E+00  0.000E+00   254.3
     6.0   7.209E+13  1.285E+17  0.000E+00  0.000E+00   247.5
     7.0   6.432E+13  1.147E+17  0.000E+00  0.000E+00   241.3
     8.0   5.704E+13  1.017E+17  0.000E+00  0.000E+00   235.8
     9.0   5.024E+13  8.955E+16  0.000E+00  0.000E+00   231.3
    10.0   4.392E+13  7.829E+16  0.000E+00  0.000E+00   228.1
    11.0   3.812E+13  6.795E+16  0.000E+00  0.000E+00   226.1
    12.0   3.291E+13  5.865E+16  0.000E+00  0.000E+00   225.3
    13.0   2.830E+13  5.045E+16  0.000E+00  0.000E+00   225.1
    14.0   2.431E+13  4.332E+16  0.000E+00  0.000E+00   225.4
    15.0   2.087E+13  3.719E+16  0.000E+00  0.000E+00   225.7
    16.0   1.793E+13  3.196E+16  0.000E+00  0.000E+00   226.0
    17.0   1.542E+13  2.748E+16  0.000E+00  0.000E+00   226.1
    18.0   1.326E+13  2.364E+16  0.000E+00  0.000E+00   226.1
    19.0   1.141E+13  2.033E+16  0.000E+00  0.000E+00   226.2
    20.0   9.810E+12  1.749E+16  0.000E+00  0.000E+00   226.3
    21.0   8.433E+12  1.503E+16  0.000E+00  0.000E+00   226.6
    22.0   7.247E+12  1.292E+16  0.000E+00  0.000E+00   227.0
    23.0   6.225E+12  1.110E+16  0.000E+00  0.000E+00   227.5
    24.0   5.346E+12  9.529E+15  0.000E+00  0.000E+00   228.3
    25.0   4.589E+12  8.180E+15  0.000E+00  0.000E+00   229.3
    26.0   3.938E+12  7.020E+15  0.000E+00  0.000E+00   230.5
    27.0   3.379E+12  6.024E+15  0.000E+00  0.000E+00   232.0
    28.0   2.899E+12  5.168E+15  0.000E+00  0.000E+00   233.8
    29.0   2.487E+12  4.433E+15  0.000E+00  0.000E+00   235.9
    30.0   2.134E+12  3.803E+15  0.000E+00  0.000E+00   238.4
    31.0   1.831E+12  3.263E+15  0.000E+00  0.000E+00   241.2
    32.0   1.571E+12  2.800E+15  0.000E+00  0.000E+00   244.5
    33.0   1.349E+12  2.404E+15  0.000E+00  0.000E+00   248.3
    34.0   1.161E+12  2.069E+15  0.000E+00  0.000E+00   252.0
    35.0   1.001E+12  1.785E+15  0.000E+00  0.000E+00   255.6
    36.0   8.664E+11  1.544E+15  0.000E+00  0.000E+00   259.0
    37.0   7.515E+11  1.339E+15  0.000E+00  0.000E+00   262.3
    38.0   6.534E+11  1.165E+15  0.000E+00  0.000E+00   265.5
    39.0   5.694E+11  1.015E+15  0.000E+00  0.000E+00   268.4
    40.0   4.974E+11  8.867E+14  0.000E+00  0.000E+00   271.0
    41.0   4.355E+11  7.763E+14  0.000E+00  0.000E+00   273.5
    42.0   3.822E+11  6.812E+14  0.000E+00  0.000E+00   275.6
    43.0   3.360E+11  5.989E+14  0.000E+00  0.000E+00   277.4
    44.0   2.960E+11  5.277E+14  0.000E+00  0.000E+00   279.0
    45.0   2.613E+11  4.657E+14  0.000E+00  0.000E+00   280.1
    46.0   2.310E+11  4.118E+14  0.000E+00  0.000E+00   280.9
    47.0   2.046E+11  3.647E+14  0.000E+00  0.000E+00   281.4
    48.0   1.815E+11  3.235E+14  0.000E+00  0.000E+00   281.4
    49.0   1.612E+11  2.873E+14  0.000E+00  0.000E+00   281.1
    50.0   1.433E+11  2.555E+14  0.000E+00  0.000E+00   280.4
    51.0   1.276E+11  2.274E+14  0.000E+00  0.000E+00   279.4
    52.0   1.137E+11  2.026E+14  0.000E+00  0.000E+00   277.9
    53.0   1.013E+11  1.806E+14  0.000E+00  0.000E+00   276.1
    54.0   9.036E+10  1.611E+14  0.000E+00  0.000E+00   274.0
    55.0   8.061E+10  1.437E+14  0.000E+00  0.000E+00   271.5
    56.0   7.192E+10  1.282E+14  0.000E+00  0.000E+00   268.7
    57.0   6.416E+10  1.144E+14  0.000E+00  0.000E+00   265.6
    58.0   5.720E+10  1.020E+14  0.000E+00  0.000E+00   262.3
    59.0   5.097E+10  9.085E+13  0.000E+00  0.000E+00   258.8
    60.0   4.538E+10  8.088E+13  0.000E+00  0.000E+00   255.1
    61.0   4.035E+10  7.192E+13  0.000E+00  0.000E+00   251.3
    62.0   3.583E+10  6.386E+13  0.000E+00  0.000E+00   247.4
    63.0   3.177E+10  5.662E+13  0.000E+00  0.000E+00   243.4
    64.0   2.813E+10  5.011E+13  0.000E+00  0.000E+00   239.3
    65.0   2.486E+10  4.427E+13  0.000E+00  0.000E+00   235.2
    66.0   2.192E+10  3.902E+13  0.000E+00  0.000E+00   231.2
    67.0   1.928E+10  3.432E+13  0.000E+00  0.000E+00   227.1
    68.0   1.692E+10  3.011E+13  0.000E+00  0.000E+00   223.1
    69.0   1.481E+10  2.635E+13  0.000E+00  0.000E+00   219.1
    70.0   1.293E+10  2.300E+13  0.000E+00  0.000E+00   215.2
    71.0   1.126E+10  2.002E+13  0.000E+00  0.000E+00   211.4
    72.0   9.777E+09  1.737E+13  0.000E+00  0.000E+00   207.6
    73.0   8.451E+09  1.501E+13  4.968E+03  7.701E+04   203.8
    74.0   7.340E+09  1.302E+13  1.736E+04  8.428E+04   198.9
    75.0   6.380E+09  1.131E+13  8.268E+04  9.238E+04   193.1
    76.0   5.536E+09  9.803E+12  4.678E+05  1.012E+05   186.9
    77.0   4.786E+09  8.463E+12  2.560E+06  1.104E+05   180.5
    78.0   4.115E+09  7.264E+12  1.118E+07  1.199E+05   174.1
    79.0   3.514E+09  6.190E+12  3.484E+07  1.294E+05   168.0
    80.0   2.978E+09  5.232E+12  7.641E+07  1.386E+05   162.3
    81.0   2.503E+09  4.382E+12  1.237E+08  1.472E+05   157.2
    82.0   2.086E+09  3.636E+12  1.585E+08  1.550E+05   152.6
    83.0   1.723E+09  2.988E+12  1.719E+08  1.617E+05   148.6
    84.0   1.412E+09  2.432E+12  1.664E+08  1.671E+05   145.4
    85.0   1.148E+09  1.960E+12  1.493E+08  1.713E+05   142.8
    86.0   9.275E+08  1.566E+12  1.275E+08  1.741E+05   141.1
    87.0   7.449E+08  1.240E+12  1.055E+08  1.757E+05   140.1
    88.0   5.956E+08  9.742E+11  8.565E+07  1.761E+05   140.1
    89.0   4.749E+08  7.597E+11  6.882E+07  1.755E+05   141.0
    90.0   3.781E+08  5.885E+11  5.506E+07  1.740E+05   143.2
    91.0   3.011E+08  4.533E+11  4.407E+07  1.719E+05   146.7
    92.0   2.407E+08  3.480E+11  3.543E+07  1.697E+05   151.5
    93.0   1.936E+08  2.670E+11  2.871E+07  1.678E+05   157.7
    94.0   1.571E+08  2.051E+11  2.349E+07  1.664E+05   165.2
    95.0   1.289E+08  1.580E+11  1.943E+07  1.660E+05   173.9
    96.0   1.070E+08  1.223E+11  1.626E+07  1.666E+05   183.9
    97.0   8.998E+07  9.537E+10  1.376E+07  1.685E+05   194.9
    98.0   7.674E+07  7.499E+10  1.178E+07  1.721E+05   206.7
    99.0   6.642E+07  5.959E+10  1.020E+07  1.777E+05   218.7
   100.0   5.840E+07  4.796E+10  8.938E+06  1.859E+05   230.1
   101.0   5.218E+07  3.915E+10  7.929E+06  1.972E+05   240.2
   102.0   4.730E+07  3.238E+10  7.110E+06  2.120E+05   248.6
   103.0   4.341E+07  2.708E+10  6.435E+06  2.305E+05   255.2
   104.0   4.024E+07  2.285E+10  5.867E+06  2.528E+05   260.3
   105.0   3.761E+07  1.940E+10  5.381E+06  2.793E+05   264.0
   106.0   3.538E+07  1.655E+10  4.957E+06  3.100E+05   266.7
   107.0   3.342E+07  1.415E+10  4.580E+06  3.449E+05   268.8
   108.0   3.167E+07  1.210E+10  4.238E+06  3.841E+05   270.8
   109.0   3.003E+07  1.033E+10  3.923E+06  4.273E+05   273.1
   110.0   2.848E+07  8.801E+09  3.627E+06  4.738E+05   276.3
   111.0   2.695E+07  7.468E+09  3.348E+06  5.231E+05   280.8
   112.0   2.546E+07  6.319E+09  3.083E+06  5.751E+05   286.7
   113.0   2.401E+07  5.336E+09  2.834E+06  6.298E+05   293.9
   114.0   2.258E+07  4.502E+09  2.601E+06  6.873E+05   302.5
   115.0   2.119E+07  3.797E+09  2.383E+06  7.477E+05   312.5
   116.0   1.983E+07  3.205E+09  2.181E+06  8.112E+05   323.9
   117.0   1.849E+07  2.710E+09  1.994E+06  8.778E+05   336.6
   118.0   1.718E+07  2.295E+09  1.821E+06  9.479E+05   350.7
   119.0   1.590E+07  1.950E+09  1.662E+06  1.022E+06   366.1
   120.0   1.465E+07  1.662E+09  1.516E+06  1.100E+06   382.6
   121.0   1.345E+07  1.423E+09  1.384E+06  1.183E+06   400.0
   122.0   1.230E+07  1.224E+09  1.264E+06  1.273E+06   418.1
   123.0   1.120E+07  1.058E+09  1.155E+06  1.369E+06   436.8
   124.0   1.018E+07  9.214E+08  1.058E+06  1.476E+06   455.0
   125.0   9.229E+06  8.071E+08  9.708E+05  1.593E+06   472.8
   126.0   8.360E+06  7.109E+08  8.927E+05  1.721E+06   490.1
   127.0   7.571E+06  6.294E+08  8.222E+05  1.861E+06   507.0
   128.0   6.863E+06  5.598E+08  7.586E+05  2.013E+06   523.5
   129.0   6.237E+06  5.000E+08  7.010E+05  2.177E+06   539.5
   130.0   5.689E+06  4.484E+08  6.487E+05  2.354E+06   555.2
   131.0   5.213E+06  4.035E+08  6.012E+05  2.545E+06   570.5
   132.0   4.805E+06  3.643E+08  5.580E+05  2.749E+06   585.4
   133.0   4.456E+06  3.300E+08  5.186E+05  2.968E+06   599.9
   134.0   4.159E+06  2.998E+08  4.826E+05  3.201E+06   614.1
   135.0   3.906E+06  2.730E+08  4.498E+05  3.448E+06   627.9
   136.0   3.692E+06  2.493E+08  4.197E+05  3.711E+06   641.4
   137.0   3.510E+06  2.282E+08  3.922E+05  3.989E+06   654.6
   138.0   3.355E+06  2.093E+08  3.670E+05  4.282E+06   667.4
   139.0   3.221E+06  1.924E+08  3.438E+05  4.591E+06   680.0
   140.0   3.106E+06  1.771E+08  3.225E+05  4.915E+06   692.2
   141.0   3.006E+06  1.634E+08  3.030E+05  5.254E+06   704.1
   142.0   2.919E+06  1.510E+08  2.850E+05  5.608E+06   715.7
   143.0   2.842E+06  1.398E+08  2.684E+05  5.977E+06   727.1
   144.0   2.774E+06  1.296E+08  2.531E+05  6.360E+06   738.1
   145.0   2.712E+06  1.203E+08  2.389E+05  6.757E+06   748.9
   146.0   2.657E+06  1.119E+08  2.259E+05  7.167E+06   759.5
   147.0   2.606E+06  1.042E+08  2.138E+05  7.591E+06   769.7
   148.0   2.560E+06  9.710E+07  2.027E+05  8.026E+06   779.8
   149.0   2.518E+06  9.062E+07  1.924E+05  8.472E+06   789.5
   150.0   2.478E+06  8.466E+07  1.828E+05  8.929E+06   799.1
   151.0   2.441E+06  7.918E+07  1.739E+05  9.396E+06   808.4
   152.0   2.406E+06  7.414E+07  1.657E+05  9.871E+06   817.4
   153.0   2.374E+06  6.948E+07  1.580E+05  1.035E+07   826.3
   154.0   2.343E+06  6.517E+07  1.509E+05  1.084E+07   834.9
   155.0   2.313E+06  6.119E+07  1.443E+05  1.134E+07   843.4
   156.0   2.285E+06  5.750E+07  1.381E+05  1.184E+07   851.6
   157.0   2.259E+06  5.408E+07  1.323E+05  1.234E+07   859.6
   158.0   2.233E+06  5.090E+07  1.270E+05  1.284E+07   867.4
   159.0   2.208E+06  4.794E+07  1.220E+05  1.334E+07   875.1
   160.0   2.185E+06  4.519E+07  1.173E+05  1.385E+07   882.5
   161.0   2.162E+06  4.262E+07  1.129E+05  1.435E+07   889.8
   162.0   2.140E+06  4.023E+07  1.088E+05  1.485E+07   896.9
   163.0   2.118E+06  3.800E+07  1.050E+05  1.534E+07   903.8
   164.0   2.098E+06  3.591E+07  1.014E+05  1.583E+07   910.5
   165.0   2.078E+06  3.396E+07  9.804E+04  1.631E+07   917.1
   166.0   2.058E+06  3.213E+07  9.488E+04  1.679E+07   923.5
   167.0   2.040E+06  3.042E+07  9.192E+04  1.725E+07   929.8
   168.0   2.021E+06  2.881E+07  8.913E+04  1.771E+07   935.9
   169.0   2.004E+06  2.730E+07  8.651E+04  1.815E+07   941.9
   170.0   1.986E+06  2.589E+07  8.405E+04  1.858E+07   947.7
   171.0   1.970E+06  2.455E+07  8.172E+04  1.900E+07   953.4
   172.0   1.953E+06  2.330E+07  7.954E+04  1.941E+07   958.9
   173.0   1.937E+06  2.212E+07  7.747E+04  1.980E+07   964.4
   174.0   1.922E+06  2.101E+07  7.553E+04  2.018E+07   969.6
   175.0   1.907E+06  1.997E+07  7.369E+04  2.054E+07   974.8
   176.0   1.892E+06  1.898E+07  7.196E+04  2.089E+07   979.8
   177.0   1.877E+06  1.805E+07  7.032E+04  2.122E+07   984.7
   178.0   1.863E+06  1.717E+07  6.877E+04  2.153E+07   989.5
   179.0   1.849E+06  1.634E+07  6.730E+04  2.183E+07   994.2
   180.0   1.836E+06  1.556E+07  6.591E+04  2.211E+07   998.7
   181.0   1.822E+06  1.482E+07  6.460E+04  2.237E+07  1003.2
   182.0   1.809E+06  1.411E+07  6.335E+04  2.262E+07  1007.5
   183.0   1.797E+06  1.345E+07  6.217E+04  2.284E+07  1011.7
   184.0   1.784E+06  1.282E+07  6.104E+04  2.305E+07  1015.9
   185.0   1.772E+06  1.222E+07  5.998E+04  2.324E+07  1019.9
   186.0   1.760E+06  1.166E+07  5.897E+04  2.341E+07  1023.8
   187.0   1.748E+06  1.112E+07  5.800E+04  2.357E+07  1027.6
   188.0   1.737E+06  1.061E+07  5.709E+04  2.371E+07  1031.4
   189.0   1.726E+06  1.013E+07  5.622E+04  2.383E+07  1035.0
   190.0   1.715E+06  9.674E+06  5.539E+04  2.393E+07  1038.6
   191.0   1.704E+06  9.239E+06  5.460E+04  2.402E+07  1042.1
   192.0   1.693E+06  8.826E+06  5.385E+04  2.409E+07  1045.5
   193.0   1.682E+06  8.433E+06  5.314E+04  2.415E+07  1048.8
   194.0   1.672E+06  8.059E+06  5.245E+04  2.419E+07  1052.0
   195.0   1.662E+06  7.704E+06  5.180E+04  2.421E+07  1055.2
   196.0   1.652E+06  7.366E+06  5.118E+04  2.422E+07  1058.3
   197.0   1.642E+06  7.044E+06  5.059E+04  2.421E+07  1061.3
   198.0   1.633E+06  6.738E+06  5.002E+04  2.420E+07  1064.2
   199.0   1.623E+06  6.446E+06  4.948E+04  2.416E+07  1067.1
   200.0   1.614E+06  6.168E+06  4.896E+04  2.412E+07  1069.9
   201.0   1.602E+06  5.903E+06  4.847E+04  2.406E+07  1072.6
   202.0   1.593E+06  5.650E+06  4.799E+04  2.399E+07  1075.2
   203.0   1.584E+06  5.410E+06  4.754E+04  2.391E+07  1077.8
   204.0   1.575E+06  5.180E+06  4.710E+04  2.382E+07  1080.4
   205.0   1.567E+06  4.961E+06  4.669E+04  2.372E+07  1082.8
   206.0   1.558E+06  4.752E+06  4.629E+04  2.361E+07  1085.3
   207.0   1.550E+06  4.552E+06  4.591E+04  2.349E+07  1087.6
   208.0   1.541E+06  4.362E+06  4.554E+04  2.336E+07  1089.9
   209.0   1.533E+06  4.180E+06  4.519E+04  2.322E+07  1092.2
   210.0   1.525E+06  4.006E+06  4.485E+04  2.307E+07  1094.3
   211.0   1.517E+06  3.841E+06  4.453E+04  2.292E+07  1096.5
   212.0   1.510E+06  3.682E+06  4.422E+04  2.276E+07  1098.6
   213.0   1.502E+06  3.531E+06  4.392E+04  2.259E+07  1100.6
   214.0   1.494E+06  3.386E+06  4.363E+04  2.241E+07  1102.6
   215.0   1.487E+06  3.247E+06  4.335E+04  2.223E+07  1104.5
   216.0   1.479E+06  3.115E+06  4.309E+04  2.205E+07  1106.4
   217.0   1.472E+06  2.988E+06  4.283E+04  2.186E+07  1108.3
   218.0   1.465E+06  2.867E+06  4.258E+04  2.167E+07  1110.1
   219.0   1.457E+06  2.751E+06  4.235E+04  2.147E+07  1111.8
   220.0   1.450E+06  2.640E+06  4.212E+04  2.127E+07  1113.5
   221.0   1.443E+06  2.534E+06  4.190E+04  2.106E+07  1115.2
   222.0   1.436E+06  2.432E+06  4.168E+04  2.085E+07  1116.9
   223.0   1.429E+06  2.335E+06  4.148E+04  2.064E+07  1118.5
   224.0   1.423E+06  2.242E+06  4.128E+04  2.043E+07  1120.0
   225.0   1.416E+06  2.152E+06  4.109E+04  2.021E+07  1121.5
   226.0   1.409E+06  2.067E+06  4.091E+04  1.999E+07  1123.0
   227.0   1.402E+06  1.985E+06  4.073E+04  1.977E+07  1124.5
   228.0   1.396E+06  1.906E+06  4.055E+04  1.955E+07  1125.9
   229.0   1.389E+06  1.831E+06  4.039E+04  1.933E+07  1127.3
   230.0   1.383E+06  1.759E+06  4.023E+04  1.911E+07  1128.6
   231.0   1.377E+06  1.690E+06  4.007E+04  1.889E+07  1129.9
   232.0   1.370E+06  1.623E+06  3.992E+04  1.866E+07  1131.2
   233.0   1.364E+06  1.560E+06  3.977E+04  1.844E+07  1132.5
   234.0   1.358E+06  1.499E+06  3.963E+04  1.822E+07  1133.7
   235.0   1.352E+06  1.441E+06  3.949E+04  1.799E+07  1134.9
   236.0   1.346E+06  1.385E+06  3.936E+04  1.777E+07  1136.1
   237.0   1.340E+06  1.331E+06  3.923E+04  1.755E+07  1137.2
   238.0   1.334E+06  1.279E+06  3.911E+04  1.733E+07  1138.3
   239.0   1.328E+06  1.230E+06  3.899E+04  1.711E+07  1139.4
   240.0   1.322E+06  1.182E+06  3.887E+04  1.689E+07  1140.5
   241.0   1.316E+06  1.138E+06  3.875E+04  1.667E+07  1141.5
   242.0   1.311E+06  1.094E+06  3.864E+04  1.645E+07  1142.5
   243.0   1.305E+06  1.052E+06  3.853E+04  1.624E+07  1143.5
   244.0   1.299E+06  1.011E+06  3.843E+04  1.602E+07  1144.5
   245.0   1.294E+06  9.726E+05  3.832E+04  1.581E+07  1145.4
   246.0   1.288E+06  9.354E+05  3.822E+04  1.560E+07  1146.3
   247.0   1.283E+06  8.996E+05  3.813E+04  1.539E+07  1147.2
   248.0   1.277E+06  8.653E+05  3.803E+04  1.518E+07  1148.1
   249.0   1.272E+06  8.323E+05  3.794E+04  1.497E+07  1148.9
   250.0   1.266E+06  8.006E+05  3.785E+04  1.477E+07  1149.8
   251.0   1.261E+06  7.702E+05  3.776E+04  1.456E+07  1150.6
   252.0   1.256E+06  7.410E+05  3.768E+04  1.436E+07  1151.4
   253.0   1.251E+06  7.129E+05  3.759E+04  1.416E+07  1152.1
   254.0   1.245E+06  6.859E+05  3.751E+04  1.397E+07  1152.9
   255.0   1.240E+06  6.600E+05  3.743E+04  1.377E+07  1153.6
   256.0   1.235E+06  6.351E+05  3.735E+04  1.358E+07  1154.4
   257.0   1.230E+06  6.112E+05  3.728E+04  1.339E+07  1155.1
   258.0   1.225E+06  5.882E+05  3.720E+04  1.320E+07  1155.8
   259.0   1.220E+06  5.660E+05  3.713E+04  1.301E+07  1156.4
   260.0   1.215E+06  5.448E+05  3.706E+04  1.283E+07  1157.1
   261.0   1.210E+06  5.244E+05  3.699E+04  1.265E+07  1157.7
   262.0   1.205E+06  5.047E+05  3.692E+04  1.247E+07  1158.3
   263.0   1.200E+06  4.858E+05  3.685E+04  1.229E+07  1159.0
   264.0   1.195E+06  4.677E+05  3.678E+04  1.212E+07  1159.6
   265.0   1.190E+06  4.502E+05  3.672E+04  1.194E+07  1160.1
   266.0   1.185E+06  4.334E+05  3.666E+04  1.177E+07  1160.7
   267.0   1.181E+06  4.173E+05  3.659E+04  1.160E+07  1161.3
   268.0   1.176E+06  4.017E+05  3.653E+04  1.144E+07  1161.8
   269.0   1.171E+06  3.868E+05  3.647E+04  1.127E+07  1162.3
   270.0   1.166E+06  3.724E+05  3.641E+04  1.111E+07  1162.8
   271.0   1.162E+06  3.586E+05  3.635E+04  1.095E+07  1163.3
   272.0   1.157E+06  3.453E+05  3.630E+04  1.080E+07  1163.8
   273.0   1.153E+06  3.325E+05  3.624E+04  1.064E+07  1164.3
   274.0   1.148E+06  3.202E+05  3.619E+04  1.049E+07  1164.8
   275.0   1.144E+06  3.084E+05  3.613E+04  1.034E+07  1165.2
   276.0   1.139E+06  2.970E+05  3.608E+04  1.019E+07  1165.7
   277.0   1.135E+06  2.860E+05  3.602E+04  1.004E+07  1166.1
   278.0   1.130E+06  2.755E+05  3.597E+04  9.896E+06  1166.6
   279.0   1.126E+06  2.653E+05  3.592E+04  9.754E+06  1167.0
   280.0   1.121E+06  2.556E+05  3.587E+04  9.614E+06  1167.4
   281.0   1.117E+06  2.462E+05  3.582E+04  9.475E+06  1167.8
   282.0   1.112E+06  2.371E+05  3.577E+04  9.339E+06  1168.2
   283.0   1.108E+06  2.284E+05  3.572E+04  9.205E+06  1168.5
   284.0   1.104E+06  2.200E+05  3.567E+04  9.072E+06  1168.9
   285.0   1.100E+06  2.120E+05  3.563E+04  8.942E+06  1169.3
   286.0   1.095E+06  2.042E+05  3.558E+04  8.813E+06  1169.6
   287.0   1.091E+06  1.967E+05  3.553E+04  8.687E+06  1170.0
   288.0   1.087E+06  1.895E+05  3.549E+04  8.562E+06  1170.3
   289.0   1.083E+06  1.826E+05  3.544E+04  8.439E+06  1170.6
   290.0   1.078E+06  1.760E+05  3.540E+04  8.318E+06  1171.0
   291.0   1.074E+06  1.695E+05  3.535E+04  8.199E+06  1171.3
   292.0   1.070E+06  1.633E+05  3.531E+04  8.082E+06  1171.6
   293.0   1.066E+06  1.574E+05  3.526E+04  7.966E+06  1171.9
   294.0   1.062E+06  1.517E+05  3.522E+04  7.853E+06  1172.2
   295.0   1.058E+06  1.461E+05  3.518E+04  7.740E+06  1172.5
   296.0   1.054E+06  1.408E+05  3.514E+04  7.630E+06  1172.7
   297.0   1.050E+06  1.357E+05  3.509E+04  7.521E+06  1173.0
   298.0   1.046E+06  1.308E+05  3.505E+04  7.414E+06  1173.3
   299.0   1.042E+06  1.260E+05  3.501E+04  7.309E+06  1173.5
   300.0   1.038E+06  1.215E+05  3.498E+04  7.220E+06  1173.8
   305.0   1.019E+06  1.010E+05  3.478E+04  6.722E+06  1175.0
   310.0   9.995E+05  8.406E+04  3.458E+04  6.261E+06  1176.0
   315.0   9.810E+05  6.999E+04  3.440E+04  5.834E+06  1176.9
   320.0   9.629E+05  5.830E+04  3.422E+04  5.439E+06  1177.8
   325.0   9.452E+05  4.858E+04  3.401E+04  5.073E+06  1178.5
   330.0   9.279E+05  4.050E+04  3.384E+04  4.733E+06  1179.2
   335.0   9.110E+05  3.378E+04  3.368E+04  4.419E+06  1179.7
   340.0   8.945E+05  2.819E+04  3.352E+04  4.127E+06  1180.3
   345.0   8.783E+05  2.353E+04  3.336E+04  3.856E+06  1180.7
   350.0   8.624E+05  1.965E+04  3.320E+04  3.605E+06  1181.1
   355.0   8.469E+05  1.642E+04  3.305E+04  3.371E+06  1181.5
   360.0   8.318E+05  1.372E+04  3.290E+04  3.154E+06  1181.8
   365.0   8.169E+05  1.147E+04  3.274E+04  2.952E+06  1182.1
   370.0   8.023E+05  9.590E+03  3.259E+04  2.764E+06  1182.4
   375.0   7.880E+05  8.022E+03  3.244E+04  2.588E+06  1182.6
   380.0   7.741E+05  6.713E+03  3.230E+04  2.425E+06  1182.8
   385.0   7.604E+05  5.619E+03  3.215E+04  2.273E+06  1183.0
   390.0   7.469E+05  4.705E+03  3.201E+04  2.131E+06  1183.1
   395.0   7.338E+05  3.940E+03  3.186E+04  1.998E+06  1183.3
   400.0   7.208E+05  3.301E+03  3.172E+04  1.874E+06  1183.4
   405.0   7.082E+05  2.767E+03  3.158E+04  1.758E+06  1183.5
   410.0   6.958E+05  2.319E+03  3.144E+04  1.650E+06  1183.6
   415.0   6.836E+05  1.945E+03  3.130E+04  1.549E+06  1183.7
   420.0   6.717E+05  1.631E+03  3.116E+04  1.454E+06  1183.8
   425.0   6.599E+05  1.368E+03  3.102E+04  1.366E+06  1183.9
   430.0   6.485E+05  1.148E+03  3.089E+04  1.283E+06  1183.9
   435.0   6.372E+05  9.640E+02  3.075E+04  1.205E+06  1184.0
   440.0   6.261E+05  8.095E+02  3.062E+04  1.133E+06  1184.1
   445.0   6.153E+05  6.799E+02  3.048E+04  1.065E+06  1184.1
   450.0   6.047E+05  5.712E+02  3.035E+04  1.001E+06  1184.1
   455.0   5.942E+05  4.800E+02  3.022E+04  9.327E+05  1184.2
   460.0   5.840E+05  4.034E+02  3.008E+04  8.777E+05  1184.2
   465.0   5.739E+05  3.392E+02  2.995E+04  8.260E+05  1184.2
   470.0   5.641E+05  2.853E+02  2.982E+04  7.774E+05  1184.3
   475.0   5.544E+05  2.400E+02  2.970E+04  7.317E+05  1184.3
   480.0   5.449E+05  2.019E+02  2.957E+04  6.888E+05  1184.3
   485.0   5.356E+05  1.700E+02  2.944E+04  6.485E+05  1184.3
   490.0   5.265E+05  1.431E+02  2.931E+04  6.106E+05  1184.3
   495.0   5.175E+05  1.205E+02  2.919E+04  5.749E+05  1184.4
   500.0   5.087E+05  1.015E+02  2.906E+04  5.414E+05  1184.4
   505.0   5.000E+05  8.550E+01  2.894E+04  5.099E+05  1184.4
   510.0   4.915E+05  7.205E+01  2.881E+04  4.802E+05  1184.4
   515.0   4.832E+05  6.073E+01  2.869E+04  4.524E+05  1184.4
   520.0   4.750E+05  5.121E+01  2.857E+04  4.261E+05  1184.4
   525.0   4.670E+05  4.319E+01  2.845E+04  4.015E+05  1184.4
   530.0   4.591E+05  3.643E+01  2.833E+04  3.783E+05  1184.4
   535.0   4.514E+05  3.074E+01  2.821E+04  3.564E+05  1184.4
   540.0   4.438E+05  2.594E+01  2.809E+04  3.359E+05  1184.4
   545.0   4.363E+05  2.190E+01  2.797E+04  3.165E+05  1184.4
   550.0   4.290E+05  1.849E+01  2.785E+04  2.983E+05  1184.4
   555.0   4.218E+05  1.562E+01  2.773E+04  2.812E+05  1184.5
   560.0   4.148E+05  1.320E+01  2.762E+04  2.651E+05  1184.5
   565.0   4.079E+05  1.115E+01  2.750E+04  2.499E+05  1184.5
   570.0   4.011E+05  9.424E+00  2.738E+04  2.356E+05  1184.5
   575.0   3.944E+05  7.968E+00  2.727E+04  2.222E+05  1184.5
   580.0   3.878E+05  6.738E+00  2.716E+04  2.095E+05  1184.5
   585.0   3.814E+05  5.699E+00  2.704E+04  1.976E+05  1184.5
   590.0   3.751E+05  4.822E+00  2.693E+04  1.864E+05  1184.5
   595.0   3.688E+05  4.080E+00  2.682E+04  1.758E+05  1184.5
   600.0   3.627E+05  3.454E+00  2.671E+04  1.658E+05  1184.5
   605.0   3.568E+05  2.924E+00  2.659E+04  1.564E+05  1184.5
   610.0   3.509E+05  2.476E+00  2.648E+04  1.476E+05  1184.5
   615.0   3.451E+05  2.097E+00  2.637E+04  1.393E+05  1184.5
   620.0   3.394E+05  1.777E+00  2.627E+04  1.314E+05  1184.5
   625.0   3.339E+05  1.506E+00  2.616E+04  1.240E+05  1184.5
   630.0   3.284E+05  1.277E+00  2.605E+04  1.171E+05  1184.5
   635.0   3.230E+05  1.082E+00  2.594E+04  1.105E+05  1184.5
   640.0   3.177E+05  9.179E-01  2.584E+04  1.043E+05  1184.5
   645.0   3.125E+05  7.786E-01  2.573E+04  9.845E+04  1184.5
   650.0   3.074E+05  6.606E-01  2.562E+04  9.295E+04  1184.5
   655.0   3.024E+05  5.606E-01  2.552E+04  8.776E+04  1184.5
   660.0   2.975E+05  4.759E-01  2.541E+04  8.287E+04  1184.5
   665.0   2.927E+05  4.041E-01  2.531E+04  7.825E+04  1184.5
   670.0   2.880E+05  3.431E-01  2.521E+04  7.390E+04  1184.5
   675.0   2.833E+05  2.915E-01  2.510E+04  6.980E+04  1184.5
   680.0   2.787E+05  2.477E-01  2.500E+04  6.593E+04  1184.5
   685.0   2.742E+05  2.105E-01  2.490E+04  6.228E+04  1184.5
   690.0   2.698E+05  1.789E-01  2.480E+04  5.884E+04  1184.5
   695.0   2.655E+05  1.521E-01  2.470E+04  5.559E+04  1184.5
   700.0   2.612E+05  1.294E-01  2.460E+04  5.253E+04  1184.5
   705.0   2.570E+05  1.100E-01  2.450E+04  4.964E+04  1184.5
   710.0   2.529E+05  9.362E-02  2.440E+04  4.691E+04  1184.5
   715.0   2.488E+05  7.967E-02  2.430E+04  4.433E+04  1184.5
   720.0   2.449E+05  6.782E-02  2.421E+04  4.190E+04  1184.5
   725.0   2.409E+05  5.774E-02  2.411E+04  3.961E+04  1184.5
   730.0   2.371E+05  4.917E-02  2.401E+04  3.744E+04  1184.5
   735.0   2.333E+05  4.188E-02  2.392E+04  3.540E+04  1184.5
   740.0   2.296E+05  3.568E-02  2.382E+04  3.347E+04  1184.5
   745.0   2.260E+05  3.041E-02  2.373E+04  3.164E+04  1184.5
   750.0   2.224E+05  2.592E-02  2.363E+04  2.992E+04  1184.5
   755.0   2.189E+05  2.210E-02  2.354E+04  2.830E+04  1184.5
   760.0   2.154E+05  1.884E-02  2.344E+04  2.676E+04  1184.5
   765.0   2.120E+05  1.607E-02  2.335E+04  2.531E+04  1184.5
   770.0   2.087E+05  1.371E-02  2.326E+04  2.395E+04  1184.5
   775.0   2.054E+05  1.170E-02  2.317E+04  2.265E+04  1184.5
   780.0   2.022E+05  9.985E-03  2.307E+04  2.143E+04  1184.5
   785.0   1.990E+05  8.524E-03  2.298E+04  2.028E+04  1184.5
   790.0   1.959E+05  7.278E-03  2.289E+04  1.919E+04  1184.5
   795.0   1.928E+05  6.216E-03  2.280E+04  1.815E+04  1184.5
   800.0   1.898E+05  5.310E-03  2.271E+04  1.718E+04  1184.5
   805.0   1.868E+05  4.537E-03  2.262E+04  1.626E+04  1184.5
   810.0   1.839E+05  3.878E-03  2.253E+04  1.539E+04  1184.5
   815.0   1.811E+05  3.315E-03  2.245E+04  1.457E+04  1184.5
   820.0   1.782E+05  2.834E-03  2.236E+04  1.379E+04  1184.5
   825.0   1.755E+05  2.424E-03  2.227E+04  1.306E+04  1184.5
   830.0   1.728E+05  2.073E-03  2.218E+04  1.236E+04  1184.5
   835.0   1.701E+05  1.774E-03  2.210E+04  1.170E+04  1184.5
   840.0   1.675E+05  1.518E-03  2.201E+04  1.108E+04  1184.5
   845.0   1.649E+05  1.299E-03  2.193E+04  1.050E+04  1184.5
   850.0   1.623E+05  1.112E-03  2.184E+04  9.941E+03  1184.5
   855.0   1.598E+05  9.524E-04  2.176E+04  9.415E+03  1184.5
   860.0   1.574E+05  8.157E-04  2.167E+04  8.918E+03  1184.5
   865.0   1.550E+05  6.988E-04  2.159E+04  8.448E+03  1184.5
   870.0   1.526E+05  5.987E-04  2.151E+04  8.004E+03  1184.5
   875.0   1.502E+05  5.131E-04  2.142E+04  7.583E+03  1184.5
   880.0   1.479E+05  4.399E-04  2.134E+04  7.185E+03  1184.5
   885.0   1.457E+05  3.771E-04  2.126E+04  6.808E+03  1184.5
   890.0   1.435E+05  3.234E-04  2.118E+04  6.452E+03  1184.5
   895.0   1.413E+05  2.774E-04  2.110E+04  6.114E+03  1184.5
   900.0   1.391E+05  2.380E-04  2.102E+04  5.795E+03  1184.5
   905.0   1.370E+05  2.042E-04  2.094E+04  5.493E+03  1184.5
   910.0   1.349E+05  1.753E-04  2.086E+04  5.207E+03  1184.5
   915.0   1.329E+05  1.505E-04  2.078E+04  4.936E+03  1184.5
   920.0   1.309E+05  1.292E-04  2.070E+04  4.680E+03  1184.5
   925.0   1.289E+05  1.110E-04  2.062E+04  4.437E+03  1184.5
   930.0   1.270E+05  9.533E-05  2.054E+04  4.207E+03  1184.5
   935.0   1.251E+05  8.191E-05  2.046E+04  3.990E+03  1184.5
   940.0   1.232E+05  7.039E-05  2.039E+04  3.783E+03  1184.5
   945.0   1.213E+05  6.050E-05  2.031E+04  3.588E+03  1184.5
   950.0   1.195E+05  5.202E-05  2.023E+04  3.403E+03  1184.5
   955.0   1.177E+05  4.473E-05  2.016E+04  3.228E+03  1184.5
   960.0   1.160E+05  3.847E-05  2.008E+04  3.062E+03  1184.5
   965.0   1.142E+05  3.310E-05  2.000E+04  2.905E+03  1184.5
   970.0   1.125E+05  2.848E-05  1.993E+04  2.756E+03  1184.5
   975.0   1.108E+05  2.451E-05  1.986E+04  2.615E+03  1184.5
   980.0   1.092E+05  2.110E-05  1.978E+04  2.482E+03  1184.5
   985.0   1.076E+05  1.816E-05  1.971E+04  2.355E+03  1184.5
   990.0   1.060E+05  1.564E-05  1.963E+04  2.235E+03  1184.5
   995.0   1.044E+05  1.347E-05  1.956E+04  2.121E+03  1184.5
  1000.0   1.029E+05  1.161E-05  1.949E+04  2.013E+03  1184.5